num_steps,LR,lambda,sd,su,error_LR
50,3.924110403989758,0.36332508105176725,92.72811963688423,96.29647186107557,0.2172624977386448
51,3.91739970615016,0.8744131670373074,94.54761077105478,98.1498134723492,0.21055179989904715
52,3.880371612555987,0.38999291603774766,92.862825895258,96.36634931478972,0.17352370630487401
53,3.873355106873833,0.9003753559731449,94.64765644483802,98.18436725172432,0.16650720062271995
54,3.838086083821906,0.4161313599383942,92.99022843520262,96.432392351705,0.13123817757079292
55,3.830830049043524,0.9258478133218327,94.74234296621631,98.21704877498715,0.12398214279241104
56,3.797182130059622,0.44177069073929853,93.11096712800207,96.49494005930461,0.09033422380850897
57,3.789741625808801,0.9508572424866366,94.8321338659271,98.24802142631171,0.08289371955768798
58,3.7575917181275753,0.4669384101885353,93.22560583098901,96.55429092653034,0.050743811876462264
59,3.7500126070500226,0.9754280055669496,94.91743832063213,98.27742928892006,0.04316470079890955
60,3.7192504745500297,0.4916595871235991,93.33464363462025,96.61070889167206,0.012402568298916616
61,3.7115710431134854,0.9995824009692982,94.99861909150533,98.30539998212751,0.004723136862372357
62,4.326288051529484,0.5159571481352632,93.4385241381479,96.66442832377246,0.6194401452783707
63,4.3263018836587115,0.024155350153560823,91.92781398588072,95.0760466626728,0.6194539774075984
64,4.293107305382302,0.5398521251020927,93.53764314996701,96.7156581529863,0.5862593991311886
65,4.292581055334785,0.048311805285970566,92.04691073065146,95.14991157247225,0.5857331490836719
66,4.260633984474049,0.5633638671666317,93.63235511964591,96.76458531662784,0.5537860782229362
67,4.259629832526052,0.07207337077809338,92.16081905228272,95.22052319085024,0.5527819262749389
68,4.228851870038002,0.5865102231887593,93.72297854149842,96.81137765102355,0.5220039637868892
69,4.227424479246145,0.09545873082669051,92.26990692181003,95.28811423996268,0.520576572995032
70,4.197744070929046,0.6093076995561078,93.80980051875336,96.85618633156403,0.49089616467793284
71,4.1959416161932275,0.11848514600035488,92.37450668112021,95.35289474454001,0.48909370994211443
72,4.167293293781325,0.6317715972922868,93.89308063828379,96.89914794210023,0.46044538753021236
73,4.165158331707077,0.14116860018037192,92.47491936697521,95.41505480398311,0.4583104254559638
74,4.137482055291924,0.6539161316808668,93.9730542757704,96.9403862384455,0.4306341490408112
75,4.135052262326614,0.16352392860647746,92.57141840968517,95.4747669612689,0.42820435607550067
76,4.108292848374953,0.6757545370682042,94.04993542779427,96.9800136580811,0.40144494212383997
77,4.105601649504595,0.18556492991968984,92.66425281069824,95.53218823625824,0.398753743253482
78,4.079708271537842,0.6972991590080247,94.12391914884222,97.0181326181104,0.37286036528672906
79,4.076785377633802,0.20730446454710905,92.75364988369085,95.58746187813553,0.3699374713826886
80,4.051711128776445,0.7185615355837935,94.19518365686686,97.05483663572527,0.34486322252533164
81,4.048582997424824,0.22875454144857313,92.839817628507,95.64071888185157,0.34173509117371115
82,4.024284505935786,0.7395524694105331,94.26389215938364,97.09021129917481,0.3174365996846733
83,4.020974737896225,0.24992639481762025,92.92294679458735,95.69207930513292,0.3141268316451118
84,3.997411828207663,0.7602820915910519,94.33019444295266,97.12433511226253,0.2905639219565499
85,3.9939415095190687,0.27083055215194435,93.00321268092202,95.74165341643412,0.28709360326795563
86,3.9710769024730954,0.7807599187077576,94.39422826150452,97.15728023140412,0.26422899622198237
87,3.967464900561785,0.2914768948284408,93.08077671135139,95.78954269885422,0.26061699431067176
88,3.9452639475996674,0.8009949037311979,94.45612055286347,97.18911311101333,0.23841604134855432
89,3.941527168216409,0.3118747121912824,93.15578781773556,95.83584073097349,0.23467926196529598
90,3.919957615017747,0.8209954816553494,94.51598850816993,97.21989507045106,0.21310970876663404
91,3.91611122585413,0.33203274993949766,93.22838365796659,95.8806339619642,0.20926331960301692
92,3.8951430016412005,0.8407696104650384,94.57394051464479,97.249682793487,0.18829509539008749
93,3.8912006273742556,0.3519592535791081,93.29869169181538,95.92400239578097,0.1843527211231426
94,3.8708056565797095,0.8603248080645222,94.63007698923684,97.27852876966499,0.1639577503285965
95,3.866779549466655,0.37166200750327355,93.36683013372306,95.96602019668181,0.15993164321554199
96,3.846931583080097,0.8796681855754327,94.68449111758359,97.30648168529163,0.14008367682898415
97,3.8428327724645346,0.391148370239406,93.43290879887412,96.00675622659978,0.13598486621342154
98,3.8235072365593483,0.8988064775037515,94.73726951095686,97.3335867708178,0.11665933030823528
99,3.819345660236799,0.41042530632229046,93.49702985645595,96.04627452326596,0.11249775398568573
100,3.8005195197289465,0.9177460690566548,94.78849279154389,97.35988611014156,0.09367161347783348
101,3.7963041395864634,0.42949941515018264,93.55928850180887,96.08463472659915,0.08945623333535035
102,3.7779557753608977,0.9364930209856561,94.83823611528148,97.38541891674946,0.07110786910978462
103,3.773694679395832,0.44837695720503523,93.61977355773132,96.12189245993552,0.06684677314471887
104,3.7558037773098754,0.9550530922002612,94.88656963990519,97.4102217807866,0.04895587105876231
105,3.7515042698156873,0.4670638778890358,93.67856801349272,96.15809967157038,0.04465636356457425
106,3.7340517202348376,0.9734317603935855,94.93355894488133,97.43432889061127,0.027203813983724512
107,3.7297204016752747,0.4855658292513927,93.73574950908828,96.1933049414422,0.0228724954241617
108,3.7126882083597272,0.9916342408875986,94.97926540896101,97.45777223188047,0.005840302108614193
109,4.216822901630289,0.5038881898398048,93.79139077123416,96.22755375710538,0.5099749953791761
110,4.197955251027238,0.009921935314543627,92.62884701013483,95.0237621935335,0.4911073447761254
111,4.196763115046454,0.5220360828466398,93.8455600066157,96.26088876251818,0.4899152087953409
112,4.178318011229095,0.028242001248943258,92.69218904863801,95.06707143121483,0.4714701049779819
113,4.176988935597325,0.5400143927495737,93.8983212573296,96.29334998280584,0.4701410293462116
114,4.158950405420008,0.0463879405697298,92.7539058855718,95.10926002797864,0.45210249916889467
115,4.157494544399433,0.5578277805716866,93.94973472267925,96.32497502764151,0.45064663814831984
116,4.1398474616930585,0.06436460960914168,92.81406618113022,95.150375646676,0.43299955544194546
117,4.138274215620901,0.5754806979237002,93.99985705109314,96.35579927566388,0.43142630936978765
118,4.121004243608353,0.08217664377112736,92.87273459118035,95.19046315450663,0.4141563373572401
119,4.119322322023453,0.5929773999287576,94.04874160534965,96.38585604195305,0.4124744157723397
120,4.102415860511891,0.09982847129898335,92.92997206308691,95.22956483059004,0.39556795426077773
121,4.100633339278989,0.6103219571388507,94.096438703954,96.41517673038153,0.39378543302787605
122,4.084077476115073,0.11732432599814543,92.98583610533024,95.26772055507155,0.3772295698639603
123,4.0822018492131535,0.6275182665350301,94.14299584116053,96.44379097242049,0.3753539429620405
124,4.06598431565663,0.13466825892803802,93.04038103338476,95.30496798149288,0.35913640940551694
125,4.064022542144712,0.6445700617159356,94.18845788788492,96.4717267538477,0.35717463589359877
126,4.048131671747284,0.15186414924810449,93.09365819453556,95.34134269434112,0.3412837654961711
127,4.0460902184654195,0.6614809223022828,94.23286727533238,96.49901053049224,0.33924231221430645
128,4.030514909147292,0.16891571421723214,93.14571617352843,95.37687835309616,0.3236670028961788
129,4.028399789536064,0.6782542826959203,94.27626416323484,96.52566733425253,0.3215518832849513
130,4.013129468571006,0.18582651849697743,93.19660098114598,95.41160682428007,0.3062815623198931
131,4.010946278058475,0.6948934401648621,94.31868659400016,96.55172087018218,0.30409837180736154
132,3.9959708697011838,0.20259998273372873,93.24635622714662,95.4455583024932,0.2891229634500707
133,3.99372481793327,0.7114015623991367,94.36017063435088,96.57719360567415,0.2868769116821568
134,3.979034713449114,0.2192393915791673,93.29502327932114,95.4787614217043,0.2721868071980009
135,3.9767306537433367,0.72778169451789,94.40075050548565,96.60210685238178,0.26988274749222363
136,3.9623166836560975,0.23574790111007693,93.34264140974096,95.51124335753588,0.2554687774049844
137,3.959959139906302,0.7440367655984796,94.44045870290346,96.62648084160956,0.25311123365518906
138,3.9458125482115114,0.2521285457617534,93.38924792957476,95.543029921516,0.23896464196039835
139,3.9434057395213253,0.7601695947691036,94.47932610685605,96.6503347937766,0.2365578332702123
140,3.929518159781714,0.268384244768613,93.43487831337599,95.574145647947,0.22267025353060088
141,3.9270660229922143,0.7761828969029092,94.51738208428554,96.67368698250907,0.22021811674110126
142,3.9134294561036946,0.2845178081861222,93.47956631390763,95.60461387412404,0.2065815498525816
143,3.9109356664725787,0.7920792879270911,94.5546545829728,96.69655479381392,0.20408776022146569
144,3.897542459963524,0.30053194251667137,93.52334406830207,95.6344568144808,0.19069455371241117
145,3.895010450127587,0.8078612898024621,94.59117021864822,96.71895478080889,0.1881625438764738
146,3.8818532788849773,0.31642925595570975,93.56624219629246,95.66369562916589,0.1750053726338643
147,3.8792862563090806,0.8235313351610433,94.6269543555924,96.74090271434513,0.1724383500579676
148,3.86635810460797,0.3322122633189139,93.60828989126368,95.69235048760397,0.15951019835685676
149,3.8637590675718223,0.8390917716927335,94.66203118143828,96.76241362997499,0.15691116132070926
150,3.8510532123157017,0.34788339064023,93.64951500468135,95.72044062739248,0.1442053060645887
151,3.8484249646777156,0.854544866221798,94.6964237764899,96.78350187146464,0.1415770584266025
152,3.8359349597214774,0.3634449794952152,93.68994412450412,95.74798440899832,0.1290870534703643
153,3.8332801244966808,0.8698928085589647,94.73015417816362,96.8041811312293,0.12643221824556772
154,3.8209997860235476,0.3788992910462983,93.72960264803261,95.77499936655751,0.11415187977243457
155,3.818320817893677,0.8851377151035217,94.76324344086156,96.82446448789038,0.11147291164256412
156,3.806244210681676,0.39424850986890414,93.76851484975575,95.80150225516475,0.09939630443056302
157,3.8035434075636494,0.9002816322554188,94.79571169174329,96.84436444125451,0.09669550131253635
158,3.791664832198558,0.40949474750156734,93.80670394440331,95.82750909481958,0.08481692594744494
159,3.7889443458910885,0.9153265395972454,94.82757818261285,96.86389294484191,0.08209643963997548
160,3.77725832670485,0.4246400458392834,93.84419214585773,95.85303521146221,0.07041042045373702
161,3.774520172765251,0.9302743529187357,94.8588613383526,96.88306143624352,0.06767226651413782
162,3.7630214465913423,0.43968638028183504,93.88100072198662,95.87809527516958,0.056173540340229255
163,3.7602675134333676,0.9451269270450019,94.88957880207104,96.90188086540755,0.05341960718225458
164,3.7489510189939734,0.4546356627384259,93.91715004594221,95.90270333586777,0.04210311274286038
165,3.746183076342946,0.9598860585306701,94.91974747732279,96.92036172109069,0.03933517009183296
166,3.7350439443302696,0.46948974442460656,93.95265964400554,95.92687285663894,0.028196038079156605
167,3.7322636510264995,0.9745534881731656,94.94938356751155,96.93851405552903,0.02541574477538644
168,3.7212971947322138,0.48425041855114537,93.98754824045173,95.95061674494585,0.01444928848110072
169,3.7185061059968736,0.9891309034213459,94.9785026128214,96.956347507568,0.011658199745760545
170,3.707707812550897,0.49891942279729273,94.02183379939048,95.97394738174116,0.0008599062997838303
171,4.1224566436943135,0.003698240807356121,93.08026226962849,95.00712600610044,0.4156087374432005
172,4.110644324190208,0.5134984417195959,94.05553356413294,95.99687664884038,0.4037964179390947
173,4.1094260518792005,0.018396391787085135,93.11884910245202,95.03525495284693,0.40257814562808747
174,4.0977855238265075,0.5279891089636036,94.08866409393234,96.0194159544808,0.39093761757539447
175,4.09652063229857,0.03300413555899495,93.156790059158,95.06290983548973,0.38967272604745684
176,4.0850476602169525,0.5423930094198179,94.12124129860557,96.04157625738819,0.3781997539658395
177,4.083738593701297,0.047523115154083424,93.19410304129242,95.0901038655011,0.3768906874501843
178,4.072429089266328,0.5567116812070478,94.15328047090998,96.06336808926994,0.36558118301521514
179,4.071078169707507,0.06195492458270809,93.23080526160676,95.11684974364427,0.36423026345639364
180,4.059928185186014,0.5709466176003084,94.18479631705839,96.08480157603616,0.35308027893490124
181,4.058537619081541,0.07630111083312097,93.26691327777985,95.14315968507313,0.35168971283042794
182,4.047543341075142,0.585099268819983,94.21580298534323,96.10588645766308,0.34069543482402853
183,4.046115225916888,0.09056317579772623,93.30244302420672,95.1690454429974,0.33926731966577517
184,4.03527296949739,0.5991710437667156,94.24631409312876,96.12663210696155,0.32842506324627685
185,4.033809299765424,0.1047425780930377,93.33740984190408,95.1945183309401,0.32696139351431075
186,4.023115502887464,0.6131633116326671,94.27634275220463,96.14704754716503,0.31626759663635085
187,4.021618175713528,0.11884073476620682,93.3718285066347,95.21958924366027,0.31477026946241526
188,4.011069393934471,0.627077403450972,94.30590159270164,96.16714146854034,0.30422148768335777
189,4.009540214367747,0.13285902294458846,93.40571325548527,95.2442686769215,0.30269230811663395
190,3.9991331158500434,0.6409146135857018,94.3350027856762,96.18692224406529,0.29228520959893034
191,3.9975738018299167,0.14679878138148103,93.4390778118789,95.26856674609363,0.2907258955788037
192,3.987305162591979,0.6546762011034564,94.36365806432435,96.20639794413869,0.28045725634086605
193,3.98571734962797,0.16066131193258235,93.47193540919369,95.29249320371724,0.2788694433768568
194,3.975584049054324,0.6683633911174873,94.39187874407814,96.22557635053658,0.2687361428032111
195,3.9739692945579,0.1744478809720255,93.50429881310396,95.31605745610413,0.2671213883067871
196,3.9639683111387485,0.6819773760472314,94.41967574155497,96.24446496954153,0.25712040488763543
197,3.9623280985910285,0.18815972070112394,93.536180342585,95.33926857895483,0.2554801923399155
198,3.9524565058339594,0.695519316844334,94.4470595925086,96.26307104440328,0.2456085995828463
199,3.950792248621841,0.20179803046889536,93.5675918899513,95.36213533224593,0.24394434237072815
200,3.941047211237051,0.7089903441154144,94.47404046871863,96.28140156703891,0.2341993049859381
201,3.93936025631277,0.21536397793043602,93.59854493958589,95.38466617413948,0.23251235006165683
202,3.929739026535977,0.7223915592449845,94.50062819406809,96.29946328918899,0.22289112028486402
203,3.9280306578377666,0.22885870024241453,93.62905058586374,95.40686927430285,0.22118275158665357
204,3.91853057194752,0.7357240354191865,94.52683225967593,96.31726273289205,0.21168266569640704
205,3.916802013629898,0.2422833051441396,93.65911955000584,95.42875252641694,0.20995410737878517
206,3.907420488645749,0.7489888186331548,94.55266183828367,96.33480620046075,0.20057258239463582
207,3.9056729081207715,0.2556388720332617,93.68876219613007,95.45032356010356,0.19882500186965846
208,3.896407438641539,0.7621869286615185,94.57812579790601,96.35209978394285,0.189559532390426
209,3.894641949450895,0.26892645292718054,93.71798854634758,95.47158975211617,0.18779404319978177
210,3.885490104661216,0.7753193599364008,94.60323271468268,96.36914937401306,0.17864219841010298
211,3.883707769170539,0.28214707347494783,93.74680829525705,95.492558237114,0.17685986291942601
212,3.874667189983466,0.7883870824428539,94.6279908851741,96.38596066849529,0.1678192837323529
213,3.872869021952402,0.2953017338249319,93.77523082350825,95.51323591771616,0.16602111570128875
214,3.8639374182508375,0.8013910425605641,94.65240833800442,96.40253918042413,0.15708951199972443
215,3.8621243852328107,0.30839140954482036,93.8032652108631,95.53362947419487,0.1552764789816976
216,3.8532995333276476,0.8143321638156142,94.67649284481884,96.41889024562599,0.14645162707653459
217,3.851472558934427,0.3214170524092751,93.83092024841197,95.55374537353306,0.14462465268331393
218,3.842752299026185,0.8272113476996561,94.70025193087838,96.4350190300545,0.13590439277507205
219,3.8409122650942433,0.33437959125364786,93.85820445038685,95.57358987819192,0.13406435884313028
220,3.8322944989506444,0.8400294743552621,94.72369288494644,96.45093053663221,0.1254465926995314
221,3.830442247568117,0.34727993270597446,93.88512606522039,95.59316905430993,0.12359434131700375
222,3.8219249362381364,0.8527874033076658,94.74682276882862,96.46662961185649,0.1150770299870234
223,3.820061271666802,0.36011896192064236,93.91169308613996,95.61248877954988,0.11321336541568883
224,3.8116424333239656,0.8654859741081258,94.76964842634578,96.48212095199437,0.10479452707285253
225,3.809768123812668,0.37289754330464503,93.93791326128628,95.63155475060623,0.10292021756155512
226,3.8014458317143593,0.8781260070009221,94.79217649196099,96.49740910906729,0.0945979254632463
227,3.7995616112069954,0.38561652117978096,93.96379410328396,95.65037249029696,0.09271370495588238
228,3.791333991703866,0.8907083035062605,94.8144133988988,96.51249849644175,0.08448608545275293
229,3.789440561491311,0.39827672042682827,93.98934289837592,95.66894735433279,0.0825926552401981
230,3.7813057921506816,0.90323364706269,94.83636538702012,96.52739339430575,0.07445788589956859
231,3.779403822392598,0.41087894709913475,94.01456671512375,95.68728453775786,0.07255591614148482
232,3.7713601301852235,0.9157028035446952,94.85803851016021,96.54209795471192,0.06451222393411049
233,3.769450261385093,0.4234239890328749,94.03947241273691,95.70538908112542,0.06260235513398005
234,3.761495920962154,0.9281165218293201,94.87943864324255,96.55661620650943,0.05464801471104108
235,3.7595787653525714,0.4359126163997268,94.06406664895765,95.72326587633405,0.05273085910145836
236,3.7517120974077165,0.9404755343133617,94.90057148901869,96.57095206000517,0.04486419115660345
237,3.7497882402279883,0.4483455822895389,94.08835588768021,95.74091967227456,0.042940333976875245
238,3.7420076098957904,0.9527805574465004,94.92144258456182,96.58510931144403,0.035159703644677354
239,3.740077610689005,0.46072362318501625,94.11234640606592,95.75835508009062,0.03322970443789197
240,3.732381426050161,0.9650322921405481,94.94205730729013,96.59909164716638,0.025533519799048054
241,3.7304458197983146,0.4730474595117908,94.13604430151007,95.77557657834376,0.023597913547201532
242,3.722832530404805,0.9772314243276399,94.96242088099697,96.61290264778778,0.01598462415369184
243,3.7208918286729262,0.48531779610210884,94.15945549817957,95.79258851784618,0.014043922421813182
244,3.713359924170375,0.9893786253306754,94.98253838133249,96.62654579196848,0.006512017919261925
245,3.711414616175208,0.497535322660395,94.18258575329273,95.8093951263122,0.004566709924095136
246,4.05710789766542,0.0015019167816111944,93.39255815411668,95.00241787533133,0.3502599914143065
247,4.05607598552961,0.5097007142344845,94.20544066316974,95.82600051283319,0.34922807927849675
248,4.04800902979704,0.013753873057202035,93.4183030000407,95.02205784049042,0.34116112354592687
249,4.046957056028771,0.5218146316228611,94.22802566892925,95.8424086720953,0.3401091497776578
250,4.038972239132145,0.02595330732549684,93.44374588689914,95.04146612434253,0.3321243328810324
251,4.037900992766094,0.5338777218173169,94.25034606203596,95.85862348848035,0.3310530865149808
252,4.029996893699811,0.03810088745147012,93.46889269773115,95.06064726148391,0.3231489874486977
253,4.0289071352977865,0.5458906183603202,94.27240698948259,95.87464873989578,0.3220592290466735
254,4.021082367790125,0.05019726728468862,93.49374915591036,95.07960566295951,0.31423446153901224
255,4.019974830534258,0.5578539417951391,94.29421345893917,95.89048810159089,0.3131269242831447
256,4.012228041961068,0.062243087093129056,93.51832083074045,95.09834562060483,0.3053801357099548
257,4.0111034327907875,0.5697682999687537,94.31577034345386,95.90614514962562,0.30425552653967447
258,4.003433303092376,0.074238973945487,93.54261314273771,95.11687131114809,0.2965853968412633
259,4.00229230373283,0.5816342884417854,94.33708238616582,95.92162336435719,0.2954443974817167
260,3.994697544416024,0.08618554208813199,93.56663136871147,95.13518680015417,0.28784963816491116
261,3.9935408123705143,0.593452490823312,94.35815420471238,95.93692613369909,0.28669290611940124
262,3.9860201655659244,0.09808339328778602,93.59038064659298,95.15329604577335,0.2791722593148114
263,3.9848483350764194,0.6052234790665757,94.37899029540839,95.95205675620822,0.2780004288253064
264,3.977400572529942,0.1099331172362057,93.61386598021232,95.17120290244846,0.2705526662788289
265,3.976214255495156,0.6169478138490762,94.39959503742027,95.96701844417031,0.2693663492440428
266,3.968838177720922,0.1217352918355481,93.63709224367331,95.18891112431025,0.2619902714698088
267,3.9676379645654145,0.6286260448338068,94.41997269658391,95.98181432642174,0.26079005831430147
268,3.960332399955157,0.13349048354258852,93.66006418568666,95.20642436854011,0.25348449370404413
269,3.9591188604355136,0.6402587110167277,94.44012742923461,95.99644745118079,0.2522709541844006
270,3.951882664451421,0.14519924767675013,93.68278643368423,95.22374619856012,0.24503475820030785
271,3.9506563484829686,0.651846340940562,94.46006328567604,96.01092078860344,0.2438084422318556
272,3.943488402791784,0.15686212873683628,93.70526349780707,95.24088008712383,0.23664049654067076
273,3.9422498412095344,0.6633894530523473,94.47978421376536,96.02523723344018,0.23540193495842132
274,3.9351490529488387,0.1684796606915347,93.72749977469282,95.25782941926346,0.2283011466977256
275,3.933898758214239,0.6748885559388141,94.49929406217224,96.03939960743729,0.22705085196312602
276,3.92686405925059,0.1800523672368983,93.74949955109197,95.27459749508387,0.22001615299947686
277,3.9256025261523546,0.6863441485848089,94.51859658356001,96.05341066169034,0.21875461990124156
278,3.918632872326419,0.19158076210463487,93.77126700744078,95.29118753253627,0.21178496607530617
279,3.917360578680477,0.6977567206130413,94.5376954376297,96.0672730788861,0.21051267242936378
280,3.9104549491262968,0.2030653493232323,93.79280622121955,95.30760267003161,0.20360704287518372
281,3.9091723563719634,0.7091267525593029,94.55659419411528,96.08098947551744,0.20232445012085032
282,3.902329752868222,0.21450662341096136,93.814121170102,95.32384596886175,0.19548184661710888
283,3.901037306683651,0.7204547160929745,94.5752963355876,96.09456240395617,0.19418940043253796
284,3.8942567529744823,0.22590506972042723,93.83521573523709,95.33992041576282,0.18740884672336922
285,3.892954883892973,0.7317410742276957,94.59380526015073,96.10799435443661,0.18610697764186002
286,3.886235425074124,0.23726116460298374,93.85609370412388,95.35582892513266,0.17938751882301096
287,3.884924549018211,0.7429862815515503,94.6121242840772,96.12128775700131,0.17807664276709811
288,3.878265250944761,0.2485753756587905,93.87675877353315,95.37157434129767,0.17141734469364778
289,3.8769457697706504,0.7541907844669116,94.63025664436829,96.13444498340125,0.17009786351953737
290,3.8703457184392027,0.2598481619959196,93.89721455235058,95.38715944071731,0.16349781218808968
291,3.8690180204713025,0.7653550213448809,94.64820550110129,96.14746834880867,0.16217011422018945
292,3.862476321514377,0.27107997436232883,93.91746456410496,95.40258693393973,0.15562841526326388
293,3.8611407819902293,0.7764794227780923,94.66597393984611,96.16036011361781,0.1542928757391162
294,3.854656560090629,0.28227125545644877,93.93751224972404,95.41785946774115,0.1478086538395158
295,3.853313541696436,0.7875644117176022,94.68356497382752,96.17312248502868,0.1464656354453231
296,3.8468859400709787,0.29342244003559037,93.95736096985661,95.43297962691658,0.14003803381986568
297,3.8455357933507543,0.7986104037196756,94.70098154618513,96.18575761872191,0.1386878870996413
298,3.8391639732517997,0.30453395518980253,93.97701400739267,95.44794993624383,0.13231606700068665
299,3.837807037062304,0.8096178070828022,94.71822653199273,96.19826762034086,0.13095913081119104
300,3.831490177267777,0.3156062204810984,93.99647456969174,95.46277286219477,0.12464227101666392
301,3.8301267792096407,0.8205870230346058,94.73530274028803,96.21065454699163,0.12327887295852769
302,3.8238640755867954,0.326639648127969,94.01574579079598,95.47745081466272,0.11701616933568237
303,3.8224945323797104,0.831518445896841,94.75221291600481,96.22292040866881,0.11564662612859733
304,3.816285197386513,0.3376346432222743,94.03483073364679,95.49198614867116,0.10943729113540002
305,3.814909815258603,0.8424124632877885,94.76895974190137,96.23506716967695,0.10806190900748991
306,3.8087530775326957,0.3485916038486796,94.05373239206259,95.50638116590123,0.10190517128158261
307,3.807372152602076,0.8532694562309108,94.78554584028593,96.24709674990127,0.1005242463509628
308,3.8012672565156476,0.35951092130649737,94.0724536928179,95.52063811631213,0.09441935026453452
309,3.7998810751519145,0.8640897993107463,94.80197377476028,96.25901102608834,0.09303316890080149
310,3.793827280386971,0.3703929802351184,94.09099749751103,95.53475919957786,0.08697937413585777
311,3.792436119532828,0.8748738608977927,94.81824605201015,96.27081183318066,0.08558821328171495
312,3.786432700718284,0.38123815876611716,94.10936660441064,95.54874656651906,0.07958479446717082
313,3.7850368282447713,0.8856220031856795,94.83436512326409,96.28250096537712,0.07818892199365823
314,3.7790830745239767,0.3920468286951883,94.12756375028096,95.56260232051588,0.07223516827286369
315,3.7776827495092706,0.8963345824041323,94.85033338596702,96.29408017736515,0.07083484325815759
316,3.771777964190997,0.4028193556252206,94.14559161210646,95.57632851883938,0.06493005793988393
317,3.7703734372643067,0.9070119489502214,94.86615318527993,96.30555118544257,0.06352553101319369
318,3.7645169374313463,0.41355609912174524,94.16345280877884,95.58992717396254,0.057669031180233254
319,3.7631084510360897,0.9176544475011023,94.88182681551147,96.31691566855072,0.05626054478497666
320,3.7572995672508736,0.42425741281297363,94.18114990264873,95.60340025475838,0.050451660999760506
321,3.755887355930717,0.9282624171563912,94.89735652154533,96.32817526934778,0.04903944967960383
322,3.7501254318258272,0.4349236445786056,94.1986854011756,95.61674968777425,0.043277525574714204
323,3.7487097224954273,0.9388361915508363,94.91274450018592,96.3393315951769,0.04186181624431429
324,3.7429941144814256,0.44555513661684715,94.21606175833385,95.62997735831372,0.03614620823031256
325,3.7415751266975388,0.9493760990036546,94.92799290151326,96.3503862190874,0.03472722044642573
326,3.7359052036315217,0.45615222564932995,94.23328137618455,95.64308511167079,0.02905729738040863
327,3.7344831498301225,0.9598824625841146,94.94310383008097,96.36134068069332,0.027635243579009483
328,3.7288582927199516,0.4667152429507367,94.25034660614594,95.65607475409075,0.022010386468838572
329,3.7274333784519786,0.9703556002903486,94.95807934623794,96.3721964871701,0.020585472200865595
330,3.721852980113387,0.4772445145737047,94.26725975051633,95.66894805396117,0.01500507386227401
331,3.720425404292636,0.9807958251359226,94.9729214672825,96.38295511408856,0.013577498041522862
332,3.714888869112353,0.4877403613902219,94.28402306367097,95.68170674273676,0.008040962861239898
333,3.71345882423257,0.9912034452212926,94.98763216856088,96.39361800622751,0.006610917981456854
334,3.7079655678385244,0.49820309920619016,94.30063875334659,95.69435251592078,0.0011176615874113338
335,4.013683021895718,0.0016032859615474487,93.6206302749657,95.00221507551541,0.30683511564460453
336,4.007788174035924,0.5086330389374358,94.31710898196937,95.70688703410764,0.300940267784811
337,4.006919163093094,0.012098704030586552,93.63894412958243,95.01666868159042,0.30007125684198055
338,4.001068873282082,0.5190304866259895,94.3334358677114,95.71931192378955,0.2942209670309692
339,4.000190436316079,0.02256104474582536,93.65709945380557,95.03099655395258,0.29334253006496613
340,3.9943841315575312,0.5293957436200543,94.34962148576487,95.73162877834244,0.2875362253064182
341,3.9934965600553665,0.03299061805189336,93.67509853143066,95.04520051110353,0.2866486538042534
342,3.987733677740379,0.5397291066383665,94.3656678694019,95.74383915884667,0.28088577148926586
343,3.986837255240526,0.04338772912029371,93.69294360039652,95.05928233489917,0.27998934898941297
344,3.9811172429671666,0.5500308678739279,94.38157701106707,95.75594459492983,0.2742693367160536
345,3.980212245350647,0.05375267843585601,93.71063685391395,95.07324377147408,0.27336433909953417
346,3.9745345606581424,0.5603013150852939,94.39735086341764,95.7679465855751,0.2676866544070293
347,3.9736212563212154,0.0640857618793267,93.7281804416052,95.087086532134,0.2667733500701024
348,3.967985366459457,0.570540731706623,94.4129913403703,95.77984659992124,0.26113746020834405
349,3.9670640165852418,0.0743872708156308,93.7455764705877,95.10081229423251,0.2602161103341287
350,3.961469398292173,0.5807493969278305,94.42850031806505,95.79164607801658,0.2546214920410601
351,3.9605402570474597,0.08465749224782569,93.76282700663782,95.11442270211178,0.25369235079634667
352,3.9549863963295127,0.5909275857737535,94.44387963580947,95.80334643154153,0.2481384900783996
353,3.9540497110629906,0.09489670883282769,93.7799340751241,95.12791936783314,0.2472018048118776
354,3.9485361029646855,0.6010755692170099,94.45913109704416,95.81494904455428,0.24168819671357245
355,3.947592114468464,0.10510519901381503,93.79689966206908,95.14130387204447,0.24074420821735076
356,3.9421182628839735,0.6111936142320937,94.47425647019,95.82645527415676,0.23527035663286044
357,3.941167205470664,0.11528323711524494,93.81372571516127,95.1545777647717,0.23431929921955108
358,3.9357326229810146,0.6212819838671579,94.48925748951294,95.83786645114182,0.22888471672990152
359,3.9347747247726517,0.12543109339385605,93.83041414462429,95.16774256613702,0.22792681852153862
360,3.9293789323826336,0.6313409374001294,94.50413585607018,95.84918388074878,0.22253102613152054
361,3.9284144154449305,0.13554903415915479,93.84696682421618,95.18079976714345,0.22156650919381748
362,3.9230569424247563,0.6413707303046648,94.51889323837536,95.86040884314838,0.2162090361736433
363,3.922086022972161,0.1456373218258129,93.86338559206996,95.19375083035382,0.21523811672104776
364,3.91676640667695,0.6513716144178793,94.5335312733167,95.87154259418037,0.20991850042583682
365,3.9157892952072246,0.1556962150017944,93.87967225158025,95.20659719059628,0.20894138895611158
366,3.9105070808883644,0.6613438379624326,94.54805156686021,95.8825863658746,0.20365917463725136
367,3.909523982377046,0.16572596856907412,93.89582857224492,95.21934025564376,0.20267607612593297
368,3.9042787230041904,0.6712876456596268,94.56245569485131,95.89354136708505,0.1974308167530774
369,3.9032898370598006,0.17572683376878911,93.91185629049706,95.23198140688076,0.19644193080868755
370,3.8980810931801,0.6812032787161403,94.576745203625,95.90440878394813,0.19123318692898694
371,3.897086614170168,0.1856990582270994,93.92775711043254,95.2445219998762,0.19023870791905484
372,3.8919139537121503,0.6910909749847071,94.590921610841,95.91518978053514,0.18506604746103728
373,3.8909140709430896,0.1956428860817515,93.94353270465655,95.25696336507193,0.18406616469197656
374,3.8857770690466658,0.7009509690181502,94.60498640614848,95.92588549936605,0.1789291627955527
375,3.884771966890172,0.205558558045348,93.95918471502634,95.26930680837135,0.17792406063905908
376,3.879670205788724,0.7107834920637952,94.61894105175271,95.93649706183821,0.17282229953761075
377,3.8786600638259623,0.21544631144277834,93.9747147533276,95.2815536116827,0.17181215757484924
378,3.873593132687045,0.7205887722073153,94.63278698316964,95.94702556882456,0.16674522643593193
379,3.8725781258478666,0.22530638025513075,93.99012440194913,95.29370503345537,0.1657302195967536
380,3.8675456205799295,0.7303670343736944,94.64652560977338,95.95747210107339,0.1606977143288164
381,3.866525919279847,0.235138995278022,94.00541521470453,95.3057623093469,0.15967801302873408
382,3.861527442429177,0.7401185004471366,94.66015831548128,95.96783771976142,0.15467953617806396
383,3.8605032126739167,0.24494438407761798,94.02058871734765,95.31772665261867,0.15365530642280367
384,3.855538373292329,0.7498433892412681,94.67368645922829,95.9781234668372,0.14869046704121613
385,3.854509776812176,0.2547227711412692,94.03564640833646,95.32959925476958,0.14766187056106306
386,3.8495781902933714,0.7595419166724918,94.68711137569686,95.98833036560697,0.1427302840422584
387,3.848545384657838,0.264474377853979,94.05058975935515,95.3413812859301,0.14169747840672509
388,3.8436466725963907,0.7692142957106842,94.70043437573663,95.99845942103072,0.13679876634527766
389,3.8426098113575415,0.27419942262429786,94.06542021601234,95.35307389543878,0.1357619051064285
390,3.837743601463246,0.7788607364825988,94.71365674696774,96.00851162021699,0.13089569521213296
391,3.8367028342142753,0.28389812091228417,94.08013919839709,95.36467821227983,0.12985492796316223
392,3.83186876014587,0.7884814463467913,94.72677975434232,96.01848793283921,0.1250208538947568
393,3.830824232666608,0.29357068527743435,94.09474810164653,95.37619534553531,0.12397632641549494
394,3.8260219339158077,0.7980766298783509,94.73980464056704,96.02838931145581,0.11917402766469465
395,3.824973788288549,0.3032173254227536,94.10924829649132,95.38762638482298,0.11812588203743601
396,3.8202029100494936,0.8076464889934164,94.75273262669879,96.03821669198705,0.1133550037983806
397,3.819151284716797,0.31283824833531054,94.12364112992776,95.39897240083917,0.11230337846568395
398,3.8144114778321323,0.8171912229195605,94.76556491252576,96.0479709939968,0.10756357158101926
399,3.813356507724568,0.3224336581826464,94.13792792552556,95.41023444559592,0.10650860147345487
400,3.8086474284782965,0.8267110283306826,94.77830267715584,96.05765312114845,0.10179952222718347
401,3.8075892451054094,0.33200375651079506,94.15210998415843,95.42141355301192,0.10074133885429637
402,3.802910555156026,0.8362060993594441,94.79094707942777,96.06726396152582,0.09606264890491278
403,3.801849286719327,0.341548742184539,94.16618858435186,95.43251073918299,0.09500138046821416
404,3.7972006530122444,0.8456766275757204,94.8034992582698,96.07680438790348,0.09035274676113136
405,3.7961364244416713,0.3510688115450222,94.18016498292124,95.4435270029078,0.08928851819055827
406,3.7915175190859234,0.8551228021296845,94.81596033326437,96.08627525818699,0.08466961283481034
407,3.7904504521606954,0.360564158316041,94.19404041526064,95.4544633258952,0.08360254590958238
408,3.785860952312342,0.8645448097599729,94.82833140502392,96.09567741570011,0.07901304606122883
409,3.784791165735652,0.3700349737950834,94.20781609600157,95.46532067331242,0.07794325948453906
410,3.7802307535049327,0.873942834837183,94.84061355560361,96.10501168950202,0.0733828472538196
411,3.7791583630331855,0.37948144679067686,94.22149321931364,95.47609999401831,0.07231045678207249
412,3.7746267253716566,0.8833170593871659,94.85280784887769,96.11427889468129,0.06777881912054351
413,3.773551843832916,0.38890376371998137,94.23507295942696,95.48680222097413,0.06670393758180282
414,3.7690486724707606,0.8926676631469022,94.86491533095004,96.12347983267001,0.06220076621964754
415,3.767971409848201,0.39830210863934096,94.24855647103745,95.49742827157387,0.06112350359708785
416,3.763496401194954,0.9019948235923365,94.87693703051927,96.13261529152085,0.056648494943841055
417,3.7624168647180793,0.4076766632719802,94.2619448897041,95.50797904796114,0.0555689584669663
418,3.7579697197420057,0.9112987160501372,94.88887395934084,96.14168604627716,0.05112181349089262
419,3.7568880139711123,0.41702760707728576,94.27523933229368,95.51845543738702,0.05004010771999923
420,3.7524684381318245,0.9205795136065711,94.90072711242355,96.1506928591035,0.04562053188071147
421,3.751384665008383,0.42635511725203434,94.28844089732657,95.52885831247862,0.04453675875726981
422,3.7469923681717883,0.9298373872239546,94.91249746848162,96.15963647964821,0.04014446192067522
423,3.745906627089334,0.43565936880843226,94.30155066541076,95.53918853159543,0.03905872083822093
424,3.741541323418051,0.9390725058045808,94.92418599031156,96.16851764533214,0.034693417166937746
425,3.740453711291484,0.4449405345906739,94.31456969959375,95.54944693909958,0.03360580504037092
426,3.736115119202559,0.9482850361631463,94.93579362504533,96.17733708154312,0.029267212951445742
427,3.7350257305432915,0.4541987853112676,94.32749904571868,95.55963436565351,0.02817782429217841
428,3.7307135725792286,0.9574751431134298,94.94732130454099,96.18609550193622,0.023865666328115598
429,3.729622499532159,0.46343428961212185,94.34033973282278,95.56975162852584,0.02277459328104614
430,3.725336502348903,0.9666429894162055,94.9587699455916,96.19479360858831,0.018488596097789856
431,3.72424383476805,0.47264721404375476,94.35309277340222,95.57979953181015,0.017395928516937165
432,3.719983728979027,0.975788735948966,94.9701404504042,96.20343209237954,0.013135822727913915
433,3.7188895545067973,0.4818377231614367,94.36575916383615,95.58977886676303,0.012041648255684212
434,3.714655074660067,0.9849125415982856,94.98143370672608,96.21201163307919,0.007807168408954013
435,3.713559478753445,0.49100597953611697,94.37833988468458,95.59969041204216,0.006711572502331897
436,3.7093503632215916,0.9940145634023848,94.99265058827574,96.2205328996833,0.0025024569704785726
437,3.7082534292132263,0.5001521437835028,94.39083590100951,95.60953493395414,0.0014055229621132703
438,3.9749917297429147,0.003135688191832458,93.7941878576698,95.0037929443872,0.26814382349180166
439,3.974269801841238,0.5092763746074468,94.40324816269418,95.61931318672568,0.26742189559012486
440,3.969810801637653,0.012311068971693534,93.80784554333688,95.01485963371647,0.26296289538653994
441,3.969083834054747,0.5183788287840879,94.41557760469317,95.62902591268882,0.2622359278036339
442,3.9646506928534264,0.021464322062676355,93.82141250016913,95.02585248779967,0.25780278660231337
443,3.9639188117131723,0.527459661267942,94.42782514742848,95.63867384260402,0.25707090546205924
444,3.9595112741609833,0.030595606413253627,93.83488973250672,95.03677232681025,0.2526633679098702
445,3.958774602900574,0.5365190252128038,94.43999169706737,95.64825769588157,0.2519266966494609
446,3.9543924172782248,0.03970507903622535,93.84827822908757,95.04761995814361,0.24754451102711172
447,3.95365107671399,0.5455570719040925,94.45207814567709,95.65777818070387,0.24680317046287703
448,3.949293994757123,0.04879289511763865,93.86157896347505,95.05839617676294,0.2424460885060098
449,3.9485481031318757,0.5545739509430663,94.46408537170895,95.6672359944121,0.2417001968807626
450,3.944215880045308,0.057859208032507645,93.87479289432781,95.06910176542806,0.23736797379419494
451,3.9434655531518676,0.5635698101183583,94.47601424005872,95.67663182355675,0.2366176469007546
452,3.9391579474762644,0.06690416933747899,93.88792096564639,95.07973749489184,0.2323100412251513
453,3.9384032986384585,0.5725447955595054,94.48786560250184,95.68596634423571,0.23155539238734546
454,3.93412007228986,0.07592792881050071,93.90096410706848,95.09030412414832,0.2272721660387469
455,3.933361212488252,0.5814990516728344,94.49964029782056,95.69524022221614,0.22651330623713894
456,3.9291021306058567,0.0849306344942468,93.91392323417215,95.10080240067947,0.22225422435474362
457,3.928339168412374,0.5904327212685078,94.51133915220036,95.70445411322243,0.22149126216126103
458,3.9241039993604057,0.09391243275362252,93.92679924879737,95.1112330607126,0.21725609310929261
459,3.9233370411675303,0.5993459454732788,94.52296297931308,95.71360866303249,0.2164891349164173
460,3.919125556458998,0.10287346821314278,93.93959303916832,95.12159682933559,0.21227765020788514
461,3.9183547063795543,0.6082388638017421,94.53451258062972,95.72270450769905,0.21150680012844125
462,3.9141666805854243,0.11181388390671887,93.95230548034431,95.13189442085152,0.20731877433431123
463,3.9133920405703266,0.6171116142705929,94.54598874575886,95.73174227384314,0.2065441343192136
464,3.9092272513352104,0.12073382121362981,93.96493743433388,95.1421265388833,0.20237934508409738
465,3.908448921259583,0.6259643332437599,94.55739225244844,95.74072257864434,0.20160101500847016
466,3.904307149195938,0.12963341983769405,93.97748975028897,95.15229387652317,0.19745924294482498
467,3.903525226785754,0.6347971556256252,94.56872386702926,95.74964603018917,0.19667732053464082
468,3.8994062554383904,0.13851281803015794,93.98996326501133,95.1623971167596,0.19255834918727732
469,3.898620836473742,0.6436102147740332,94.57998434448407,95.75851322754288,0.19177293022262898
470,3.8945244522758204,0.14737215237388523,94.0023588028618,95.1724369323949,0.1876765460247074
471,3.893735630484041,0.6524036426179349,94.59117442878707,95.76732476100578,0.18688772423292788
472,3.8896616227061003,0.15621155799129469,94.01467717624574,95.18241398644501,0.18281371645498723
473,3.8888694899176017,0.6611775695707949,94.60229485297135,95.77608121217092,0.18202158366648868
474,3.884817650596677,0.1650311684857906,94.02691918572191,95.19232893223115,0.1779697443455639
475,3.8840222967465143,0.6699321246370106,94.6133463394387,95.78478315417287,0.1771743904954013
476,3.8799924206700953,0.17383111596986156,94.03908562023085,95.2021824135665,0.17314451441898226
477,3.8791939338554453,0.6786674354048038,94.62432960011992,95.79343115182022,0.17234602760433226
478,3.8751858184846957,0.1826115310726882,94.05117725729436,95.21197506491552,0.16833791223358263
479,3.8743842849554766,0.6873836280688275,94.63524533667649,95.8020257617395,0.16753637870436355
480,3.8703977304170007,0.19137254304025078,94.06319486332411,95.22170751165547,0.1635498241658877
481,3.8695932346890562,0.6960808274500809,94.646094240681,95.81056753254242,0.1627453284379432
482,3.8656280436824924,0.20011427965586434,94.0751391936995,95.2313803701298,0.1587801374313793
483,3.8648206685722273,0.7047591569878505,94.65687699377317,95.81905700493346,0.15797276232111424
484,3.860876646362821,0.2088368673184333,94.08701099303214,95.24099424788045,0.15402874011170775
485,3.8600664729011642,0.7134187388839208,94.66759426799308,95.82749471198017,0.15321856665005118
486,3.856143427289766,0.21754043107267332,94.09881099539372,95.25054974381457,0.14929552103865307
487,3.855330534922922,0.722059693943919,94.67824672573622,95.83588117908126,0.14848262867180884
488,3.851428276154722,0.2262250946114286,94.11053992446617,95.26004744834634,0.144580369903609
489,3.850612742713806,0.7306821416896078,94.68883502004417,95.84421692419258,0.1437648364626929
490,3.84673108345797,0.23489098024741192,94.12219849368027,95.26948794349434,0.13988317720685695
491,3.8459129851603833,0.7392862004160852,94.69935979482003,95.85250245800003,0.13906507890927022
492,3.8420517404904904,0.243538209059784,94.13378740655259,95.27887180317596,0.13520383423937732
493,3.841231152048397,0.7478719871146039,94.70982168487521,95.86073828396287,0.134383245797284
494,3.83739013937556,0.2521669007755544,94.14530735669365,95.28819959320033,0.13054223312444702
495,3.8365671339542327,0.7564396175769574,94.72022131619923,95.86892489852002,0.1297192277031196
496,3.832746173010426,0.2607771738586589,94.15675902807627,95.2974718714896,0.12589826675931315
497,3.8319208222849426,0.7649892063966091,94.73055930609524,95.87706279120525,0.12507291603382953
498,3.828119735085258,0.2693691455417585,94.16814309521875,95.30668918823595,0.121271828834145
499,3.827292109317293,0.773520866903845,94.7408362632369,95.88515244468867,0.12044420306617987
500,3.8235107200926315,0.27794293179789176,94.17946022329576,95.31585208598793,0.11666281384151844
501,3.8226808881011456,0.7820347112816445,94.75105278794005,95.89319433498989,0.11583298185003255
502,3.8189190232987564,0.28649864739759323,94.19071106835399,95.32496109982797,0.11207111704764339
503,3.818087052521206,0.7905308505909978,94.76120947231664,95.90118893161691,0.11123914627009279
504,3.8143445407303975,0.29503640590354285,94.20189627744656,95.33401675747838,0.10749663447928448
505,3.813510497250056,0.79900939468191,94.77130690029988,95.90913669755926,0.10666259099894315
506,3.809787169217163,0.3035563196968491,94.21301648879356,95.34301957944388,0.10293926296604994
507,3.808951117789736,0.8074704523037277,94.78134564789279,95.91703808951297,0.10210321153862312
508,3.8052468063385643,0.31205849999774204,94.22407233194943,95.35197007913872,0.09839890008745122
509,3.804408810435312,0.8159141310661766,94.7913262832458,95.92489355792466,0.09756090418419916
510,3.8007233504329614,0.3205430569039161,94.235064427976,95.36086876303573,0.09387544418184834
511,3.7998834722287747,0.8243405375516029,94.80124936690451,95.9327035471988,0.0930355659776616
512,3.7962167006206755,0.32901009930399405,94.24599338946653,95.36971613067523,0.08936879436956247
513,3.795375001073094,0.8327497771471164,94.81111545172851,95.9404684956263,0.08852709482198096
514,3.791726756743705,0.33745973504616494,94.25685982087656,95.37851267494909,0.08487885049259214
515,3.7908832955652407,0.8411419542868088,94.82092508328765,95.94818883570508,0.08403538931412768
516,3.787253419397624,0.3458920708392623,94.2676643185263,95.38725888209218,0.0804055131465109
517,3.7864082551144187,0.8495171722797104,94.83067879977139,95.95586499406151,0.07956034886330565
518,3.7827965899344473,0.35430721234738044,94.2784074708297,95.39595523188432,0.0759486836833343
519,3.781949779921441,0.857875533421181,94.8403771322249,95.9634973916531,0.07510187367032817
520,3.778356170427247,0.36270526412901566,94.28908985834732,95.40460219767503,0.07150826417613398
521,3.77750777089077,0.8662171389800432,94.8500206046431,95.97108644382052,0.07065986463965679
522,3.7739320636978553,0.37108632967325134,94.29971205393888,95.4132002465191,0.06708415744674223
523,3.773082129742185,0.8745420892182668,94.85960973409308,95.978632560411,0.066234223491072
524,3.7695241732492977,0.3794505114979705,94.3102746229982,95.42174983936935,0.06267626699818463
525,3.7686727588940974,0.8828504833986205,94.86914503082775,95.9861361458445,0.06182485264298432
526,3.765132403365011,0.38779791101848404,94.32077812339864,95.43025143103034,0.05828449711389805
527,3.76427956154257,0.8911424198048186,94.87862699840571,95.9935975992281,0.057431655291456885
528,3.7607566589901946,0.3961286287316653,94.33122310582864,95.43870547043669,0.05390875273908158
529,3.7599024415994333,0.899417995763319,94.88805613381459,96.00101731444484,0.053054535348320275
530,3.756396845837485,0.4044427640154876,94.34161011365354,95.44711240052959,0.049548939586371965
531,3.7555413037231484,0.907677307624773,94.89743292754511,96.00839568021296,0.04869339747203538
532,3.7520528702703553,0.41274041536565265,94.351939683306,95.4554726585873,0.04520496401924223
533,3.751196053290989,0.9159204508001113,94.90675786372547,96.01573308019404,0.04434814703987611
534,3.7477246393735895,0.421021680284577,94.36221234424939,95.46378667619345,0.040876733122476416
535,3.7468665963903063,0.924147519812321,94.91603142027064,96.02302989311686,0.040018690139193236
536,3.743412060927903,0.4292866552862746,94.37242861908834,95.47205487931966,0.03656415467678986
537,3.742552839843441,0.9323586082397345,94.92525406890815,96.03028649279393,0.03570493359232785
538,3.739115043407974,0.4375354360018696,94.38258902378425,95.48027768851905,0.032267137156861025
539,3.7382546911873678,0.9405538087139249,94.93442627526464,96.03750324818282,0.031406784936254706
540,3.734833495959713,0.4457681170594591,94.39269406761841,95.48845551887138,0.02798558970859988
541,3.7339720586123386,0.9487332130497746,94.94354849909674,96.04468052358021,0.027124152361225562
542,3.730567328404841,0.4539847922458356,94.40274425346738,95.49658878023288,0.0237194221537278
543,3.7297048510645774,0.9568969121567357,94.95262119427544,96.05181867861452,0.02285694481346434
544,3.7263164512564946,0.4621855543795337,94.41274007774912,95.50467787717615,0.019468545005381532
545,3.7254529781606673,0.9650449960359683,94.96164480886722,96.05891806829088,0.018605071909554294
546,3.722080775681496,0.4703704954231782,94.42268203064424,95.51272320917911,0.015232869430382934
547,3.7212163502053275,0.9731775538947726,94.97061978534079,96.06597904317846,0.014368443954214438
548,3.717860213527615,0.4785397064213874,94.43257059611065,95.52072517063303,0.011012307276502042
549,3.7169948781511204,0.9812946740655661,94.97954656055732,96.07300194937918,0.010146971900007351
550,3.7136546772614993,0.48669327763118625,94.4424062521233,95.52868415104406,0.006806771010386292
551,3.7127884736825774,0.9893964440409477,94.98842556588654,96.07998712864462,0.005940567431464316
552,3.709464080037254,0.49483129834667494,94.45218947055363,95.53660053492378,0.002616173786140763
553,3.708597049117436,0.9974829505081685,94.99725722732128,96.08693491844986,0.0017491428663229946
554,3.947897204158677,0.5029538570872052,94.46192071746746,95.54447470205183,0.2410492979075638
555,3.9472916464103074,0.005618447975796311,93.93055306785281,95.0060425818831,0.24044374015919434
556,3.943785989278156,0.5110610415021904,94.4716004531046,95.55230702743614,0.2369380830270429
557,3.9431775396144872,0.013766642304382482,93.94111246945938,95.01478080796981,0.2363296333633742
558,3.9396880221197783,0.5191529384661024,94.48122913205823,95.56009788148324,0.23284011586866526
559,3.939076740595861,0.021899326422154464,93.95161638007835,95.0234729366092,0.23222883434474806
560,3.935603236132207,0.5272296339645279,94.4908072032327,95.56784762993553,0.22875532988109404
561,3.934989181792716,0.03001658836734159,93.96206528604793,95.03211937306065,0.2281412755416028
562,3.931531565211069,0.5352912132453498,94.50033511007966,95.57555663410078,0.22468365895995612
563,3.9309147960666366,0.03811851534747321,93.97245966773876,95.04072051760056,0.22406688981552358
564,3.9274729435792906,0.54333776071852,94.50981329057282,95.5832252507963,0.2206250373281775
565,3.926853516668817,0.04620519373396339,93.98279999963506,95.04927676558341,0.22000561041770395
566,3.9234273058475475,0.5513693600451597,94.51924217737489,95.59085383250728,0.21657939959643446
567,3.9228052772358804,0.0542767091268305,93.99308675048879,95.05778850757626,0.2159573709847673
568,3.9193945870074853,0.5593860941286085,94.5286221979011,95.59844272743402,0.21254668075637229
569,3.9187700118406577,0.06233314628687738,94.00332038331024,95.06625612935154,0.2119221055895446
570,3.9153747224742057,0.5673880450506161,94.53795377431621,95.60599227948848,0.20852681622309266
571,3.9147476548908022,0.07037458923020898,94.01350135557196,95.07468001204947,0.20789974863968919
572,3.9113676479470794,0.5753752941884233,94.54723732374515,95.61350282845594,0.20451974169596632
573,3.910738141261147,0.0784011211595946,94.02363011918035,95.08306053216887,0.203890235010034
574,3.9073732995884276,0.5833479221803144,94.5564732582875,95.6209747100346,0.20052539333731456
575,3.9067414061572845,0.08641282451603341,94.0337071206339,95.09139806168089,0.19989349990617145
576,3.903391613926219,0.5913060088559983,94.56566198501865,95.62840825580567,0.19654370767510576
577,3.9027573852206388,0.09440978102530351,94.04373280112671,95.09969296813908,0.1959094789695257
578,3.899422527787683,0.5992496334363163,94.57480390627708,95.63580379348579,0.1925746215365698
579,3.8987860144730893,0.10239207161566584,94.05370759653928,95.10794561465039,0.1919381082219762
580,3.895465978419365,0.6071788743872277,94.58389941956067,95.64316164684095,0.18861807216825177
581,3.8948272302675897,0.11035977652764543,94.0636319376374,95.11615636004701,0.18797932401647666
582,3.8915219034850557,0.6150938093805286,94.59294891754821,95.65048213569852,0.18467399723394262
583,3.8908809694017017,0.1183129752515495,94.07350625005172,95.12432555887915,0.18403306315058865
584,3.887590240922435,0.6229945155230364,94.60195278842124,95.65776557621393,0.18074233467132217
585,3.8869471690645434,0.12625174656421576,94.08333095439505,95.13245356150802,0.18009926281343036
586,3.883670929109963,0.6308810691407831,94.61091141567815,95.66501228071954,0.1768230228588501
587,3.883025766787277,0.13417616849434846,94.093106466298,95.1405407141229,0.17617786053616413
588,3.8797639067575123,0.6387535459452341,94.61982517838196,95.6722225579294,0.17291600050639921
589,3.879116700507931,0.14208631842866307,94.10283319658008,95.1485873589064,0.17226879425681796
590,3.8758691129586573,0.6466120209104826,94.62869445108359,95.67939671286696,0.16902120670754428
591,3.875219908511668,0.14998227304667222,94.11251155125036,95.15659383401712,0.16837200226055504
592,3.8719864871354424,0.6544565684207723,94.63751960404136,95.6865350470553,0.1651385808843293
593,3.8713353295194732,0.15786410831249406,94.12214193154576,95.16456047363539,0.1644874232683602
594,3.8681159691005735,0.662287262121532,94.64630100311408,95.69363785841863,0.1612680628494605
595,3.8674629025494123,0.1657318995768878,94.13172473412813,95.17248760811493,0.16061499629829923
596,3.8642574990172855,0.6701041750893999,94.65503901000066,95.70070544149557,0.1574095927661725
597,3.8636025670345147,0.17358572148816095,94.14126035102595,95.18037556394364,0.1567546607834016
598,3.860411017422972,0.6779073797177437,94.66373398217169,95.70773808736861,0.15356311117185895
599,3.8597542627978894,0.18142564799636635,94.15074916970322,95.18822466379616,0.1529063565467763
600,3.8565764651622425,0.6856969477933913,94.67238627300871,95.71473608377647,0.14972855891112946
601,3.8559179299965702,0.18925175246880643,94.1601915732506,95.19603522669875,0.1490700237454572
602,3.852753783490502,0.6934729504462371,94.68099623179644,95.72169971512021,0.14590587723938908
603,3.8520935091512243,0.19706410762183335,94.16958794036391,95.20380756800634,0.14524560290011124
604,3.8489429139644673,0.7012354582315183,94.68956420386922,95.72862926257133,0.14209500771335426
605,3.8482809411871797,0.20486278550379003,94.1789386453742,95.21154199943305,0.14143303493606663
606,3.8451437985511925,0.7089845410747845,94.69809053059608,95.73552500407368,0.13829589230007944
607,3.844480167353878,0.21264785754677176,94.18824405837317,95.21923882914697,0.13763226110276516
608,3.841356379496528,0.7167202682859168,94.70657554945386,95.7423872143784,0.13450847324541515
609,3.8406911292634294,0.22041939457652487,94.19750454526805,95.22689836182667,0.13384322301231633
610,3.8375805994629917,0.7244427086075498,94.71501959411903,95.74921616515115,0.13073269321187864
611,3.8369137689014643,0.22817746684590312,94.20672046787134,95.23452089873837,0.13006586265035125
612,3.8338164014095995,0.7321519301859781,94.72342299449157,95.75601212496568,0.1269684951584864
613,3.8331480286190893,0.23592214393333572,94.21589218384321,95.24210673767577,0.12630012236797628
614,3.8300637286334083,0.7398480005997222,94.73178607677013,95.76277535937481,0.12321582238229523
615,3.8293938511012784,0.2436534948257232,94.22502004683817,95.24965617308465,0.12254594485016534
616,3.8263225248294095,0.7475309867910626,94.74010916342391,95.76950613088863,0.11947461857829644
617,3.8256511793925796,0.2513715879873586,94.23410440662148,95.25716949617566,0.11880327314146655
618,3.8225927339834835,0.7552009552380401,94.7483925734228,95.77620469916805,0.11574482773237049
619,3.8219199568884954,0.25907649121226034,94.24314560896528,95.2646469948142,0.11507205063738235
620,3.8188743004119403,0.7628579718052233,94.75663662212482,95.78287132091594,0.11202639416082727
621,3.818200127343791,0.2667682717983785,94.25214399587908,95.27208895373731,0.11135222109267806
622,3.815167168827673,0.7705021017818552,94.76484162135657,95.78950624996205,0.10831926257655988
623,3.8144916348277254,0.27444699643390674,94.26109990554328,95.27949565447551,0.10764372857661231
624,3.811471284209729,0.7781334099542894,94.77300787953796,95.79610973734934,0.10462337795861609
625,3.8107944237992237,0.2821127312615294,94.27001367241266,95.28686737546012,0.10394651754811068
626,3.807786591905234,0.7857519605342136,94.78113570164537,95.8026820313124,0.10093868565412079
627,3.807108439031563,0.2897655418357122,94.27888562722853,95.29420439201404,0.10026053278045
628,3.8041130375683183,0.7933578172337244,94.78922538933372,95.80922337737606,0.09726513131720527
629,3.803433625643897,0.29740549319736187,94.28771609713756,95.30150697646552,0.09658571939278415
630,3.800450567232071,0.8009510432220025,94.79727724092962,95.8157340183569,0.09360266098095815
631,3.799769929072254,0.3050326498344125,94.29650540569847,95.30877539814331,0.09292202282114115
632,3.796799127213414,0.8085317011122634,94.80529155146259,95.82221419436743,0.08995122096230102
633,3.7961172951395925,0.31264707571241956,94.305253872947,95.31600992344767,0.08926938888847946
634,3.7931586641666963,0.8160998530604027,94.81326861280343,95.8286641429544,0.08631075791558329
635,3.792475669978615,0.32024883420742956,94.3139618153811,95.32321081581348,0.0856277637275018
636,3.789529125061515,0.8236555606899423,94.82120871362702,95.8350840990517,0.0826812188104018
637,3.788845000023408,0.32783798827451366,94.32262954617698,95.3303783359132,0.08199709377229514
638,3.785910457209092,0.8311988850981918,94.82911213945607,95.84147429502201,0.07906255095797876
639,3.785225232100868,0.3354146002282024,94.33125737499226,95.33751274147694,0.07837732584975488
640,3.7823026082011677,0.8387298869161149,94.83697917276189,95.84783496073618,0.07545470195005466
641,3.781616313289686,0.3429787320019124,94.33984560829255,95.34461428757581,0.07476840703857279
642,3.7787055260017786,0.8462486262661876,94.84481009295534,95.85416632357567,0.07185761975066551
643,3.7780181910657498,0.35053044490127994,94.34839454911767,95.35168322641877,0.07117028481463672
644,3.7751191588490864,0.8537551627809103,94.8526051764452,95.86046860846497,0.0682712525979734
645,3.7744308131928777,0.35806979982426684,94.35690449736187,95.35871980759666,0.06758290694176461
646,3.7715434553332705,0.8612495556059797,94.86036469667472,95.86674203791584,0.06469554908215747
647,3.770854127762855,0.36559685710558826,94.36537574964767,95.36572427796187,0.06400622151174185
648,3.7679783642857902,0.8687318634707677,94.86808892423134,95.87298683210467,0.061130458034677204
649,3.7672880832033857,0.373111676650884,94.37380859949998,95.37269688179343,0.06044017695227266
650,3.7644238349454144,0.8762021445242605,94.87577812671032,95.87920320877103,0.05757592869430139
651,3.763732628220863,0.3806143178291511,94.38220333728005,95.37963786071732,0.05688472196974992
652,3.7608798167707214,0.8836604565743006,94.88343256899587,95.88539138344295,0.05403191051960832
653,3.7601877118853593,0.38810483959104125,94.39056025033322,95.38654745385917,0.05333980563424623
654,3.7573462595905185,0.8911068568578477,94.8910525130585,95.89155156926886,0.050498353339405444
655,3.7566532835662847,0.3955833003069618,94.39887962286654,95.39342589771094,0.04980537731517165
656,3.7538231135087448,0.8985414022016008,94.8986382181524,95.8976839771822,0.04697520725763171
657,3.7531292929258444,0.4030497580456123,94.40716173627048,95.40027342643178,0.04628138667473136
658,3.750310328922854,0.9059641490469227,94.90618994087184,95.90378881595375,0.04346242267174105
659,3.7496156899371895,0.4105042702670996,94.41540686883687,95.40709027157841,0.04276778368607648
660,3.746807856574722,0.9133751532995609,94.91370793503104,95.90986629208267,0.03995995032360877
661,3.7461124249187265,0.4179468940128197,94.42361529598412,95.41387666232167,0.03926451866761349
662,3.7433156474632514,0.920774470397517,94.92119245176562,95.91591660987223,0.03646774121213836
663,3.742619448453734,0.4253776859416188,94.43178729033632,95.42063282550284,0.03577154220262102
664,3.7398336528974743,0.9281621554830486,94.92864373973406,95.92193997162623,0.032985746646361225
665,3.739136711458533,0.43279670217548516,94.43992312159088,95.42735898551705,0.03228880520742017
666,3.736361824481997,0.9355382631529237,94.93606204489834,95.92793657743452,0.029513918230883895
667,3.7356641651582834,0.44020399840162866,94.44802305665961,95.43405536443663,0.028816258907170322
668,3.7329001141312284,0.9429028475913979,94.94344761068672,95.93390662532511,0.026052207880115308
669,3.73220176100019,0.44759962996547703,94.45608735980242,95.44072218212085,0.02535385474907681
670,3.729448474013406,0.9502559626223455,94.95080067807517,95.93985031132694,0.02260056776229291
671,3.7287494508574692,0.45498365164205096,94.46411629240596,95.44735965603822,0.021901544606356182
672,3.7260068566342652,0.9575976615815015,94.95812148548812,95.94576782938903,0.019158950383152185
673,3.7253071868058028,0.4623561179061952,94.47211011331187,95.45396800153392,0.018459280554689705
674,3.7225752147487157,0.9649279974316864,94.96541026894236,95.95165937149252,0.01572730849760262
675,3.7218749212473403,0.46971708271410345,94.48006907861365,95.46054743165483,0.015027014996227273
676,3.719153501433961,0.9722470227124557,94.97266726202399,95.95752512764396,0.012305595182847906
677,3.718452606863074,0.47706659965904913,94.48799344184873,95.46709815732004,0.01160470061196106
678,3.7157416700167705,0.9795547895851152,94.97989269596097,95.96336528592224,0.008893763765657425
679,3.7150401966459796,0.4844047219000942,94.4958834539514,95.47362038728096,0.008192290394866575
680,3.7123396741167243,0.9868513497797914,94.98708679959745,95.96918003246054,0.00549176786561123
681,3.7116376438524825,0.49173150219510897,94.50373936332208,95.48011432817071,0.00478973760136947
682,3.7089474676686045,0.9941367546382056,94.99424979946258,95.97496955151139,0.002099561417491458
683,3.708244902058987,0.4990469928597073,94.51156141580789,95.48658018449515,0.001396995807874113
684,3.9252121112545164,0.0014260201094166358,94.03202316451672,95.00138232565703,0.21836420500340337
685,3.9246987667698936,0.5063512458988916,94.51934985486987,95.49301815877423,0.21785086051878055
686,3.9218731430872262,0.008764009434763508,94.04045811020764,95.00848378615711,0.2150252368361132
687,3.921358041524022,0.5136443128333578,94.52710492142897,95.49942845140755,0.21451013527290907
688,3.918542987837489,0.016090663699992375,94.04885702781208,95.01555480889493,0.21169508158637607
689,3.9180261600625155,0.5209262447804452,94.53482685398201,95.50581126076673,0.21117825381140243
690,3.915221608983142,0.02340603514451445,94.05722017411664,95.02259561141301,0.20837370273202893
691,3.91470308543845,0.5281970925847033,94.54251588875672,95.51216678334221,0.20785517918733687
692,3.9119089702054377,0.030710175662550195,94.06554780339732,95.02960640913108,0.20506106395432466
693,3.9113887809558103,0.5354569065721752,94.5501722594858,95.51849521354148,0.20454087470469728
694,3.90860503539515,0.0380031366227437,94.07384016726417,95.03658741519634,0.20175712914403698
695,3.9080832100086345,0.5427057367873208,94.55779619768433,95.52479674391688,0.2012353037575214
696,3.905309768557225,0.04528496914643734,94.08209751498737,95.04353884077437,0.19846186230611185
697,3.9047863362422666,0.5499436328316888,94.56538793249932,95.53107156505227,0.19793842999115352
698,3.9020231339199483,0.052555723876123096,94.09032009327089,95.05046089484999,0.19517522766883522
699,3.9014981234618227,0.5571706439606494,94.57294769084027,95.53731986566461,0.19465021721070963
700,3.8987450958291836,0.059815451166397894,94.09850814649106,95.0573537844324,0.19189718957807056
701,3.8982185356323122,0.5643868191036219,94.58047569742324,95.54354183264323,0.1913706293811992
702,3.8954756188872133,0.06706420086712761,94.10666191648131,95.06421771437117,0.18862771263610023
703,3.894947536933525,0.571592206741432,94.58797217466964,95.54973765096123,0.18809963068241187
704,3.892214667823774,0.07430202249791165,94.11478164275657,95.07105288754433,0.18536676157266108
705,3.891685091715925,0.5787868550590499,94.59543734288467,95.55590750383382,0.18483718546481187
706,3.8889622075224644,0.08152896530705361,94.122867562591,95.07785950493596,0.1821143012713513
707,3.888431164497172,0.5859708118330202,94.60287142017079,95.56205157263156,0.18158325824605903
708,3.8857182030667823,0.08874507804612458,94.13091991081373,95.08463776544306,0.17887029681566924
709,3.8851857199565933,0.5931441245927949,94.61027462260905,95.56817003705007,0.1783378137054803
710,3.882482619728757,0.09595040911793168,94.13893891997998,95.09138786603823,0.17563471347764414
711,3.881948723002081,0.6003068403775548,94.61764716403962,95.57426307490873,0.17510081675096778
712,3.8792554228947576,0.10314500669209746,94.14692482052607,95.09811000189804,0.1724075166436445
713,3.8787201386962633,0.6074590059367645,94.62498925628587,95.58033086234936,0.17187223244515026
714,3.876036578153166,0.1103289184424526,94.15487784051594,95.10480436617586,0.16918867190205278
715,3.8754999322125046,0.61460066774313,94.63230110919227,95.58637357386031,0.1686520259613915
716,3.8728260513153336,0.11750219169652736,94.162798205812,95.11147115016463,0.1659781450642206
717,3.8722880690153048,0.6217318718481352,94.63958293049234,95.5923913821813,0.1654401627641917
718,3.869623808264404,0.12466487355723038,94.17068614024193,95.11811054342826,0.16277590201329106
719,3.869084514675331,0.6288526639432209,94.64683492590397,95.59838445835703,0.16223660842421816
720,3.866429815095123,0.1318170106870963,94.17854186538692,95.12472273361978,0.15958190884401002
721,3.8658892349228564,0.6359630895525983,94.65405729933282,95.60435297193925,0.15904132867174336
722,3.863244038114684,0.13895864936426403,94.18636560066027,95.13130790655417,0.15639613186357115
723,3.8627021957023744,0.6430631936583963,94.66125025252721,95.61029709066301,0.15585428945126134
724,3.8600664437364167,0.1460898356320543,94.19415756349252,95.13786624636545,0.15321853748530367
725,3.8595233631234493,0.650153021040886,94.66841398543109,95.61621698077342,0.1526754568723363
726,3.8568969985274086,0.15321061520753848,94.20191796925711,95.1443979354396,0.1500490922762956
727,3.8563527034078504,0.6572326161935571,94.67554869612522,95.62211280695671,0.14950479715673737
728,3.8537356693067992,0.1603210333096346,94.20964703110882,95.15090315427503,0.14688776305568618
729,3.8531901830609008,0.6643020231376175,94.68265458065801,95.62798473220695,0.14634227680978773
730,3.8505824229688455,0.16742113502068326,94.21734496038506,95.15738208183467,0.1437345167177324
731,3.8500357686717064,0.6713612857405018,94.68973183338457,95.63383291811081,0.14318786242059334
732,3.8474372266193244,0.174510965051968,94.22501196637837,95.16383489534728,0.14058932036821137
733,3.846889427018213,0.6784104474254069,94.69678064669984,95.63965752461033,0.14004152076709975
734,3.8443000475404747,0.18159056768380472,94.23264825630373,95.17026177026895,0.13745214128936167
735,3.8437511250277376,0.6854495514613302,94.70380121133887,95.64545871027808,0.1369032187766246
736,3.841170853104031,0.18865998702162926,94.2402540355813,95.17666288053611,0.1343229468529179
737,3.8406208298608475,0.6924786406431969,94.71079371608396,95.65123663205225,0.13377292360973447
738,3.838049610947729,0.19571926677560153,94.24782950761667,95.18303839838276,0.13120170469661607
739,3.837498508760657,0.6994977575884004,94.71775834807598,95.65699144550304,0.13065060250954375
740,3.8349362888065976,0.20276845034680058,94.25537487392843,95.1893884944324,0.1280883825554846
741,3.8343841292089467,0.706506944527632,94.72469529262416,95.66272330467625,0.12753622295783362
742,3.831830854567149,0.20980758088368862,94.26289033421618,95.19571333776783,0.12498294831603607
743,3.8312776588387334,0.7135062434330055,94.73160473335085,95.66843236221538,0.12442975258762035
744,3.8287332763174855,0.2168367011422957,94.27037608623526,95.20201309582055,0.12188537006637246
745,3.8281790653489853,0.7204956960264427,94.7384868522218,95.67411876937089,0.12133115909787229
746,3.825643522283171,0.22385585366962324,94.27783232600403,95.20828793455354,0.1187956160320578
747,3.825088316773402,0.7274753436396451,94.74534182941655,95.67978267592375,0.11824041052228917
748,3.8225615608587122,0.23086508063686695,94.28525924765637,95.2145380183244,0.11571365460759919
749,3.82200538118201,0.7344452273773397,94.75216984351657,95.68542423030775,0.11515747493089679
750,3.819487360544833,0.2378644240022772,94.2926570436259,95.22076351004837,0.11263945429372013
751,3.818930226844087,0.7414053881062145,94.75897107150229,95.69104357963603,0.11208232059297396
752,3.8164208901340855,0.24485392529096606,94.30002590442768,95.22696457101881,0.10957298388297243
753,3.815862822210979,0.7483558662641405,94.76574568859151,95.6966408695393,0.1090149159598659
754,3.8133621183795157,0.25183362592273967,94.30736601903456,95.23314136120987,0.10651421212840262
755,3.8128031358312415,0.7552967021664007,94.77249386854855,95.70221624444459,0.10595522958012848
756,3.810311014398456,0.25880356684497513,94.31467757449005,95.23929403897135,0.10346310814734316
757,3.8097511365170047,0.7622279357399072,94.77921578344252,95.70776984737144,0.10290323026589165
758,3.8072675473138387,0.2657637888624694,94.32196075628895,95.24542276133033,0.1004196410627256
759,3.8067067931274354,0.7691496067105447,94.78591160384903,95.71330182008545,0.09985888687632238
760,3.804231686417825,0.27271433244204046,94.32921574818526,95.25152768383369,0.0973837801667119
761,3.8036700747812042,0.7760617544667533,94.79258149872906,95.71881230301632,0.09682216853009118
762,3.8012034012657647,0.27965523773446366,94.33644273221934,95.25760896058716,0.09435549501465168
763,3.8006409506493815,0.7829644182273272,94.79922563561024,95.7243014353934,0.09379304439826841
764,3.798182661456867,0.2865865446685283,94.34364188885137,95.26366674434512,0.09133475520575374
765,3.797619390176866,0.7898576367654325,94.80584418033519,95.72976935504207,0.09077148392575296
766,3.7951694367787296,0.2935082928730537,94.35081339688604,95.26970118645964,0.0883215305276166
767,3.7946053628718786,0.7967414487855665,94.81243729743728,95.73521619870398,0.0877574566207655
768,3.79216369716399,0.30042052176024614,94.35795743357289,95.27571243696805,0.085315790912877
769,3.791598838424352,0.8036158926351463,94.81900514988166,95.74064210180708,0.08475093217323915
770,3.7891654126892194,0.30732327040157775,94.36507417450456,95.28170064449372,0.08231750643810631
771,3.7885997866915,0.8104810064240967,94.82554789919169,95.74604719858482,0.08175188044038695
772,3.786174553641365,0.3142165775895978,94.3721637936833,95.28766595631939,0.07932664739025208
773,3.7856081777055177,0.8173368279519797,94.83206570539626,95.75143162202225,0.07876027145440467
774,3.7831910903496997,0.3211004819444521,94.3792264636588,95.29360851848655,0.07634318409858665
775,3.7826239815953366,0.8241833948085402,94.83855872713983,95.75679550394693,0.07577607534422359
776,3.7802149934194396,0.32797502169303494,94.38626235530452,95.29952847562295,0.07336708716832652
777,3.7796471687026574,0.8310207443224517,94.84502712164499,95.76213897501198,0.07279926245154433
778,3.7772462334949277,0.33484023496732634,94.39327163814454,95.30542597121016,0.07039832724381467
779,3.776677709442927,0.8378489136184105,94.85147104478357,95.7674621647376,0.06982980319181387
780,3.7742847814093667,0.3416961595379232,94.40025448009801,95.31130114736493,0.0674368751582537
781,3.773715574456776,0.8446679395238706,94.85789065099969,95.77276520146087,0.06686766820566303
782,3.77133060819666,0.34854283288077376,94.40721104755738,95.31715414491244,0.06448270194554695
783,3.770760734515212,0.851477858606671,94.86428609336076,95.7780482123692,0.06391282826409883
784,3.768383684903811,0.35538029236956487,94.41414150560331,95.32298510356009,0.06153577865269799
785,3.7678131605004466,0.8582787072053362,94.87065752359955,95.78331132353244,0.06096525424933352
786,3.765443982841123,0.36220857495893694,94.42104601769462,95.32879416164012,0.05859607659000998
787,3.7648728234962263,0.8650705214654604,94.87700509215804,95.7885546599604,0.05802491724511327
788,3.762511473460703,0.3690277174607123,94.42792474595375,95.33458145636263,0.05566356720958998
789,3.761939694703438,0.8718533372202155,94.88332894809301,95.79377834549547,0.055091788452324764
790,3.759586128272313,0.3758377564366963,94.43477785109097,95.34034712372465,0.05273822202119982
791,3.7590137454668957,0.8786271901258226,94.88962923921233,95.79898250294653,0.05216583921578266
792,3.75666791898633,0.38263872820430406,94.44160549240614,95.3460912985366,0.049820012735216856
793,3.756094947327823,0.8853921155468569,94.89590611198146,95.80416725400697,0.04924704107670985
794,3.753756817512842,0.38943066874291987,94.44840782771647,95.35181411435042,0.046908911261728914
795,3.7531832718995104,0.8921481486742231,94.90215971164662,95.80933271934813,0.04633536564839735
796,3.750852795728339,0.3962136140043771,94.4551850136833,95.35751570373077,0.044004889477225806
797,3.7502786909269914,0.8988953244602148,94.90839018218581,95.81447901858328,0.04343078467587835
798,3.747955825874959,0.4029875994537835,94.46193720535578,95.36319619788581,0.041107919623845746
799,3.747381176435474,0.90563367755473,94.91459766626079,95.81960627024387,0.04053327018436104
800,3.7450658801609653,0.4097526604605258,94.46866455658986,95.36885572699768,0.038217973909852265
801,3.744490700448461,0.9123632425126365,94.92078230542262,95.82471459192698,0.03764279419734784
802,3.7421829310281636,0.4165088321719571,94.47536721991486,95.37449442013968,0.03533502477705053
803,3.7416072351813163,0.9190840535701129,94.92694423991645,95.82980410014005,0.03475932893020328
804,3.7393069509769497,0.42325614954216306,94.48204534659102,95.38011240529968,0.032459044725836605
805,3.738730753011457,0.9257961447231609,94.93308360876553,95.83487491037405,0.03188284676034403
806,3.73643791274578,0.4299946471266907,94.48869908641505,95.3857098092224,0.02959000649466681
807,3.7358612264433875,0.9324995498020276,94.93920054985041,95.83992713717345,0.029013320192274428
808,3.7335757891411867,0.436724359406986,94.49532858804743,95.39128675769463,0.026727882890073662
809,3.7329986281298373,0.9391943024087532,94.94529519986348,95.84496089409268,0.026150721878724248
810,3.7307205530877616,0.44344532063860587,94.50193399888084,95.39684337542342,0.02387264683664858
811,3.730142930809494,0.9458804359447874,94.95136769434555,95.84997629372074,0.023295024558381172
812,3.7278721777520056,0.45015756474401747,94.50851546494087,95.4023797859628,0.02102427150089259
813,3.7272941074359123,0.952557983576399,94.9574181676644,95.85497344768021,0.02044620118479923
814,3.725030636321459,0.4568611255611397,94.5150731311476,95.40789611192466,0.018182730070345876
815,3.724452131064588,0.9592269782313074,94.96344675302397,95.85995246661555,0.0176042248134749
816,3.722195902166369,0.4635560366105844,94.52160714109804,95.41339247479688,0.015347995915255819
817,3.7216169748957415,0.9658874526648163,94.96945358253407,95.86491346026716,0.014769068644628458
818,3.719367948776694,0.4702423312803647,94.5281176372532,95.41886899510949,0.012520042525581143
819,3.7187886122154183,0.9725394394566645,94.97543878721834,95.86985653746429,0.011940705964305298
820,3.7165467498407088,0.4769200426359987,94.53460476076789,95.42432579228554,0.009698843589595718
821,3.7159670165450636,0.979182970878133,94.98140249690469,95.87478180604789,0.009119110293950516
822,3.7137322790503373,0.483589203619053,94.54106865170236,95.42976298480669,0.00688437279922427
823,3.713152161434908,0.9858180791316246,94.98734484045139,95.87968937304815,0.006304255183795071
824,3.710924510345538,0.4902498470076171,94.54750944897276,95.43518069020925,0.004076604094425118
825,3.71034402065603,0.9924447960554654,94.9932659454922,95.88457934447382,0.003496114404916817
826,3.708123417767053,0.4969020051881992,94.5539272901702,95.44057902488179,0.0012755115159399644
827,3.707542568065032,0.9990631534680803,94.9991659387545,95.88945182558976,0.0006946618139189731
828,3.905980136427865,0.5035457105203192,94.56032231190244,95.44595810439075,0.19913223017675197
829,3.9055404556165265,0.005726598279947979,94.12402968680719,95.00504522204872,0.19869254936541347
830,3.903216089250521,0.510180995120813,94.56669464960125,95.45131804330894,0.19636818299940817
831,3.9027752894279133,0.012389984080071493,94.1308888356464,95.01090336602158,0.19592738317680025
832,3.9004581240108953,0.5168078908492673,94.57304443752658,95.45665895520537,0.19361021775978227
833,3.9000162221183743,0.019044878513634882,94.137723779136,95.01674077183742,0.19316831586726124
834,3.8977062196484535,0.5234264293432964,94.57937180880171,95.4619809526925,0.1908583133973405
835,3.8972632323592795,0.025691313853017823,94.14453465984789,95.02255756194799,0.19041532610816647
836,3.8949603551079104,0.5300366421589623,94.58567689556132,95.46728414754377,0.18811244885679734
837,3.8945162989892084,0.03232932216642364,94.15132161916391,95.02835385779298,0.18766839273809532
838,3.892220509461802,0.5366385605472829,94.59195982875008,95.47256865051968,0.18537260321068905
839,3.89177540082446,0.03895893543392709,94.15808479742525,95.03412977990983,0.18492749457334678
840,3.889486661878529,0.5432322156580008,94.59822073831886,95.47783457154908,0.18263875562741605
841,3.889040516851429,0.045580185342203,94.16482433372228,95.03988544776377,0.18219261060031577
842,3.8867587915664834,0.5498176383788875,94.6044597530944,95.48308201959381,0.17991088531537036
843,3.886311626146969,0.052193103332333436,94.1715403659654,95.04562097979858,0.17946371989585597
844,3.8840368778763317,0.5563948594066326,94.61067700084507,95.48831110272714,0.17718897162521863
845,3.883588707812413,0.058797720816109934,94.17823303109893,95.0513364936337,0.17674080156130012
846,3.8813209002295217,0.5629639092766437,94.61687260832245,95.49352192816104,0.17447299397840865
847,3.880871741128059,0.06539406874994079,94.18490246470155,95.05703210570248,0.17402383487694584
848,3.878610838120279,0.569524818267934,94.62304670118529,95.49871460217321,0.17176293186916602
849,3.87816070534566,0.07198217819935562,94.19154880154068,95.06270793175078,0.17131279909454689
850,3.875906671102044,0.5760776166488732,94.62919940422974,95.50388923032259,0.16905876485093074
851,3.875455579914007,0.07856207986489068,94.19817217511815,95.06836408643463,0.1686076736628941
852,3.8732083788985934,0.5826223342220026,94.63533084098458,95.5090459170792,0.16636047264748033
853,3.872756344324013,0.08513380419281016,94.20477271780375,95.07400068342403,0.16590843807290012
854,3.870515941186735,0.5891590009474357,94.64144113429019,95.51418476634414,0.16366803493562188
855,3.870062978144073,0.091697381611164,94.21135056105321,95.07961783561608,0.16321507189296014
856,3.8678293378863864,0.59568764623329,94.64753040565715,95.51930588087853,0.16098143163527334
857,3.8673754610316715,0.0982528422550817,94.21790583516702,95.085215654905,0.16052755478055847
858,3.8651485488977495,0.6022082996177459,94.65359877589889,95.5244093628675,0.15830064264663646
859,3.864693772763029,0.10480021614019297,94.22443866945339,95.09079425234087,0.157845866511916
860,3.8624735541682886,0.608720990331444,94.65964636474695,95.52949531356063,0.1556256479171756
861,3.8620178931494475,0.11133953296985362,94.23094919207564,95.09635373796985,0.1551699868983345
862,3.859804333861798,0.6152257473673708,94.66567329091104,95.53456383335636,0.15295642761068518
863,3.8593478021432164,0.11787082243560788,94.23743753031627,95.101894221103,0.15249989589210333
864,3.857140868093043,0.6217225996385755,94.67167967224447,95.539615021916,0.15029296184192997
865,3.8566834797197216,0.12439411394779132,94.24390381035975,95.10741581008969,0.14983557346860854
866,3.854483137170216,0.6282115758430081,94.67766562561692,95.5446489780813,0.14763523091910313
867,3.854024906025082,0.13090943671602473,94.25034815735532,95.11291861239745,0.14717699977396892
868,3.85183112139338,0.6346927045796662,94.68363126703903,95.54966579995725,0.14498321514226697
869,3.8513720611962485,0.1374168198220911,94.25677069551466,95.11840273467875,0.14452415494513549
870,3.849184801200917,0.6411660141159184,94.68957671145506,95.55466558474038,0.14233689494980384
871,3.848724925499123,0.14391629221320112,94.26317154809561,95.12386828277508,0.14187701924800988
872,3.8465441570678522,0.6476315327186487,94.69550207305018,95.55964842899154,0.1396962508167392
873,3.8460834792739322,0.1504078825896795,94.26955083731846,95.12931536162696,0.1392355730228192
874,3.843909169607544,0.6540892884317075,94.70140746505525,95.56461442846782,0.13706126335643098
875,3.8434477029807033,0.15689161948086605,94.2759086844352,95.13474407534775,0.13659979672959022
876,3.8412798195014224,0.6605393089764969,94.70729299967324,95.56956367803727,0.13443191325030934
877,3.8408175771077286,0.16336753129728382,94.28224520979784,95.14015452727283,0.1339696708566156
878,3.8386560874606617,0.6669816221554004,94.7131587884421,95.57449627202011,0.13180818120954862
879,3.838193082274068,0.16983564619612185,94.2885605327331,95.14554681985447,0.13134517602295492
880,3.8360379543290364,0.6734162555316093,94.71900494195546,95.57941230393834,0.12919004807792334
881,3.835574199131693,0.17629599224873374,94.29485477171173,95.15092105480939,0.12872629288058013
882,3.8334254010350515,0.679843236312973,94.72483156977333,95.58431186641846,0.12657749478393843
883,3.8329609084807155,0.18274859732599094,94.30112804424046,95.15627733303074,0.12611300222960242
884,3.830818408518622,0.686262591858904,94.73063878087433,95.58919505161566,0.12397050226750883
885,3.8303531911496362,0.18919348914166464,94.30738046692355,95.16161575462891,0.1235052848985232
886,3.8282169578825975,0.6926743491470931,94.736426683191,95.59406195078913,0.12136905163148448
887,3.8277510280555993,0.19563069519752177,94.31361215541581,95.16693641889294,0.12090312180448626
888,3.8256210303008364,0.6990785350223683,94.74219538383886,95.59891265450715,0.1187731240497234
889,3.825154400207428,0.2020602429077919,94.31982322453759,95.17223942440343,0.11830649395631498
890,3.823030606977541,0.705475176237915,94.74794498916104,95.60374725268287,0.11618270072642778
891,3.8225632887226637,0.20848215947472482,94.32601378817215,95.17752486893386,0.11571538247155067
892,3.8204456691800055,0.7118642994074125,94.7536756046924,95.60856583454243,0.11359776292889245
893,3.8199776747454752,0.214896471958124,94.33218395934563,95.18279284951323,0.11312976849436218
894,3.8178661983793396,0.7182459308572214,94.75938733503145,95.61336848852677,0.11101829212822656
895,3.8173975395403756,0.22130320722985528,94.33833385018076,95.18804346239763,0.1105496332892626
896,3.8152921759906366,0.7246200968948395,94.76508028409255,95.61815530248901,0.10844426973952359
897,3.814822864428626,0.22770239210863724,94.34446357203191,95.19327680318762,0.1079749581775129
898,3.8127235835450506,0.7309868236493938,94.77075455496644,95.62292636358737,0.10587567729393754
899,3.812253630813334,0.2340940530783765,94.3505732352418,95.1984929665984,0.10540572456222108
900,3.8101604026834717,0.7373461370296857,94.77641024989153,95.62768175825592,0.10331249643235862
901,3.8096898202180394,0.2404782166121933,94.35666294942934,95.20369204673987,0.10284191396692632
902,3.807602615125083,0.7436980628472305,94.7820474703678,95.63242157230948,0.10075470887396998
903,3.8071314142097292,0.24685490892726752,94.3627328232891,95.20887413691463,0.10028350795861618
904,3.805050202601816,0.7500426267918391,94.78766631714548,95.63714589091941,0.09820229635070277
905,3.804578394387156,0.25322415626273703,94.36878296484578,95.21403932985523,0.09773048813604301
906,3.8025031470233226,0.7563798542765812,94.79326689009136,95.6418547985123,0.09565524077220955
907,3.802030742541249,0.2595859844865989,94.37481348109539,95.21918771740845,0.09518283629013613
908,3.7999614302857796,0.7627097707639432,94.79884928848311,95.64654837902081,0.09311352403466655
909,3.7994884404419227,0.26594041941451435,94.38082447831879,95.224319390799,0.09264053419080964
910,3.797425034428107,0.7690324013439568,94.80441361064803,95.65122671555994,0.09057712817699404
911,3.7969514699859928,0.2722874867564325,94.38681606202213,95.2294344405969,0.09010356373487971
912,3.7948939414513934,0.7753477712852145,94.80995995444744,95.65588989086412,0.08804603520028031
913,3.794419813112831,0.2786272120573142,94.3927883369038,95.23453295666958,0.08757190686171779
914,3.7923681336037576,0.7816559053430125,94.81548841668099,95.66053798675922,0.08552022735264453
915,3.7918934518861307,0.28495962068583847,94.39874140683949,95.23961502818268,0.08504554563501765
916,3.7898475931160336,0.7879568283029514,94.82099909356761,95.66517108458147,0.08299968686492054
917,3.789372368443283,0.2912847377429697,94.40467537481882,95.24468074352679,0.08252446219217013
918,3.787332302243976,0.7942505648963518,94.82649208067693,95.66978926511715,0.08048439599286317
919,3.7868565449432117,0.29760258845091003,94.41059034329105,95.24973019064477,0.08000863869209862
920,3.784822243402626,0.800537139593078,94.83196747275419,95.6743926084562,0.07797433715151314
921,3.7843459636454124,0.3039131977514614,94.41648641381789,95.25476345670566,0.07749805739429938
922,3.782317399072679,0.8068165767006549,94.83742536381446,95.67898119406613,0.07546949282156579
923,3.7818406069211097,0.3102165903601681,94.42236368712337,95.25978062815743,0.07499270066999664
924,3.7798177517457967,0.8130889005452694,94.84286584730347,95.68355510093758,0.07296984549468366
925,3.7793404572055653,0.3165127909591533,94.42822226327338,95.26478179088913,0.07249255095445228
926,3.7773232840687143,0.8193541351670152,94.84828901584048,95.68811440735877,0.07047537781760127
927,3.7768454969578933,0.3228018240979366,94.43406224160023,95.26976703015184,0.06999759070678024
928,3.774833978708086,0.8256123044791704,94.8536949613632,95.69265919103456,0.06798607245697275
929,3.774355708759824,0.32908371413794923,94.43988372064997,95.27473643052322,0.06750780250871102
930,3.7723498184057,0.8318634323428954,94.8590837751954,95.69718952915596,0.06550191215458678
931,3.771871075256498,0.3353584853444169,94.44568679827427,95.27969007598553,0.06502316900538485
932,3.769870786006211,0.8381075424483307,94.86445554795053,95.70170549831472,0.0630228797550978
933,3.7693915791915864,0.34162616175941285,94.45147157152286,95.28462804982857,0.06254367294047336
934,3.7673968643954456,0.8443446583783499,94.8698103695932,95.70620717454997,0.06054895814433259
935,3.7669172033323637,0.3478867674161469,94.45723813684351,95.28955043482574,0.06006929708125064
936,3.7649280365716113,0.8505748035029074,94.8751483293537,95.71069463327791,0.0580801303204983
937,3.764447930554755,0.35414032611464025,94.46298658988368,95.29445731306068,0.05760002430364208
938,3.7624642855681003,0.8567980011079743,94.8804695158442,95.71516794939001,0.05561637931698726
939,3.761983743816983,0.3603868615603645,94.46871702561977,95.29934876604386,0.05513583756586993
940,3.7600055945234625,0.8630142743948815,94.88577401706176,95.71962719726471,0.05315768827234946
941,3.759524626101003,0.3666263973906624,94.47442953839052,95.30422487473587,0.052676719849889864
942,3.7575519465765455,0.869223646378721,94.89106192031028,95.72407245067879,0.05070404032543241
943,3.757070560522852,0.3728589569134161,94.48012422166899,95.30908571934478,0.050222654271738776
944,3.755103325009674,0.8754261400200949,94.89633331231352,95.72850378293397,0.048255418758560875
945,3.7546215302252026,0.379084563569527,94.48580116847307,95.31393137970274,0.047773623974089574
946,3.752659713197249,0.8816217780010634,94.9015882790336,95.7329212666779,0.045811806946135736
947,3.752177518479177,0.3853032404069943,94.49146047091261,95.3187619348476,0.045329612228063976
948,3.7502210944863683,0.8878105830293251,94.90682690593351,95.73732497413224,0.04337318823525527
949,3.7497385085591364,0.39151501054716986,94.49710222060497,95.32357746339979,0.04289060230802333
950,3.747787452404925,0.8939925776245384,94.91204927779873,95.74171497695858,0.04093954615381179
951,3.747304483812855,0.39771989691235793,94.50272650844033,95.32837804334967,0.04045657756174181
952,3.7453587704235387,0.9001677842293371,94.91725547883983,95.7460913463142,0.03851086417242566
953,3.744875427716794,0.4039179223494634,94.50833342468778,95.33316375216572,0.03802752146568089
954,3.742935032207547,0.9063362251279024,94.92244559262485,95.75045415282916,0.03608712595643393
955,3.742451323779711,0.41010910941999734,94.51392305883235,95.3379346666226,0.03560341752859797
956,3.7405162214428582,0.9124979224038274,94.92761970205252,95.75480346655141,0.03366831519174518
957,3.7400321556331226,0.41629348073377553,94.51949549985228,95.34269086308338,0.03318424938200959
958,3.7381023218445177,0.9186528982006142,94.93277788957306,95.75913935716068,0.031254415593404694
959,3.7376179068623387,0.4224710587285796,94.5250508360565,95.34743241731182,0.0307700006112257
960,3.7356933172233653,0.9248011744365421,94.93792023695512,95.76346189375255,0.02884541097225224
961,3.7352085612537924,0.4286418656513803,94.53058915504805,95.35215940448032,0.02836065500267937
962,3.7332891915313593,0.9309427728340975,94.94304682531487,95.76777114487537,0.02644128528024625
963,3.7328041025448235,0.4348059237935607,94.53611054395236,95.35687189934598,0.025956196293710487
964,3.7308899286913793,0.9370777151366204,94.94815773530216,95.77206717867985,0.02404202244026621
965,3.7304045146905156,0.4409632550656526,94.54161508903911,95.3615699759307,0.02355660843940255
966,3.728495512721444,0.9432060228902542,94.953253046923,95.77635006276806,0.021647606470331038
967,3.728009781556549,0.447113881483093,94.54710287616403,95.36625370789561,0.021161875305435895
968,3.7261059276999444,0.9493277175951544,94.95833283966941,95.7806198643132,0.019258021448831375
969,3.7256198871661153,0.45325782484583116,94.55257399048165,95.37092316830424,0.018771980915002207
970,3.7237211578205565,0.9554428205884349,94.96339719242701,95.78487664997745,0.016873251569443415
971,3.7232348156018467,0.4593951068766211,94.55802851657495,95.37557842973155,0.016386909350733614
972,3.7213411872869235,0.961551353056839,94.96844618349095,95.78912048591029,0.01449328103581049
973,3.720854551008958,0.46552574913533773,94.56346653838962,95.380219564198,0.014006644757845077
974,3.718966000416075,0.9676533360503754,94.97347989058089,95.79335143778005,0.012118094164962123
975,3.7184790775895773,0.4716497731323083,94.56888813933153,95.38484664326613,0.011631171338464252
976,3.716595581549184,0.9737487906945395,94.97849839102011,95.79756957093016,0.009747675298070746
977,3.716108379578599,0.47776720023372277,94.57429340219628,95.38945973796501,0.009260473327485919
978,3.7142299150895495,0.9798377378241209,94.98350176143875,95.8017749500987,0.007382008838436427
979,3.7137424413847797,0.48387805158181646,94.5796824090949,95.39405891874208,0.006894535133666668
980,3.71186898558134,0.9859201981793783,94.98849007793912,95.80596763959225,0.005021079330226996
981,3.7113812473974988,0.48998234836301174,94.58505524169819,95.39864425566658,0.004533341146385705
982,3.709512777527519,0.9919961924904925,94.99346341616958,95.81014770332415,0.0026648712764059113
983,3.7090247820587123,0.4960801116662736,94.5904119811159,95.40321581832592,0.0021768758075992878
984,3.707161275625619,0.9980657412362753,94.99842185113066,95.81431520466683,0.00031336937450587854
985,3.891440029315261,0.5021713622286524,94.5957527076849,95.40777367563246,0.18459212306414807
986,3.8894902424868603,0.004164531291360779,94.19519480255919,95.00336565279457,0.18264233623574722
987,3.8891100201014566,0.5082561209934542,94.60107750144662,95.41231789626212,0.18226211385034352
988,3.8871653257183185,0.010273125726719647,94.20089626958827,95.00829450356922,0.18031741946720548
989,3.8867843621222775,0.5143344085338657,94.6063864416633,95.4168485482096,0.17993645587116447
990,3.8848447374519117,0.016375175834710303,94.20658080319653,95.01320867320456,0.17799683120079868
991,3.8844630424456885,0.5204062454810656,94.61167960718778,95.42136569912142,0.17761513619457547
992,3.8825284649396137,0.022470702546552267,94.21224848735835,95.01810823467622,0.17568055868850063
993,3.8821460481680043,0.5264716522751288,94.61695707625765,95.42586941610537,0.1752981419168913
994,3.8802164954911653,0.0285597266811396,94.21789940546284,95.02299326045113,0.17336858924005227
995,3.879833366557115,0.5325306492629068,94.62221892656957,95.43035976582406,0.17298546030600193
996,3.87790881642139,0.03464226884782226,94.2235336402431,95.02786382241315,0.17106091017027714
997,3.8775249847849342,0.5385832567205718,94.6274652353222,95.43483681449395,0.1706770785338212
998,3.8756054151214014,0.0407183497982438,94.22915127406601,95.03271999214986,0.1687575088702884
999,3.8752208901389578,0.5446294947609563,94.63269607912751,95.43930062783379,0.16837298388784472
1000,3.873306278939134,0.046787990002117814,94.23475238859855,95.03756184061453,0.16645837268802088
