num_steps,CRR,error_CRR
50,10.385410732368998,0.009440732368997118
51,10.410584362962837,0.034614362962836154
52,10.382350090091416,0.006380090091415269
53,10.410496853348443,0.03452685334844219
54,10.379454545200876,0.0034845452008749334
55,10.410296517635047,0.03432651763504602
56,10.376748761777584,0.0007787617775836253
57,10.409990875170676,0.034020875170675424
58,10.37422603190371,-0.0017439680962905157
59,10.409575857858734,0.033605857858733046
60,10.371821174793672,-0.0041488252063288655
61,10.40905241481918,0.03308241481918017
62,10.369512340944551,-0.006457659055449483
63,10.408438995973803,0.032468995973802706
64,10.367374952076197,-0.008595047923803278
65,10.407760310842292,0.03179031084229145
66,10.365582788525073,-0.010387211474927938
67,10.407050498579597,0.031080498579596494
68,10.363856566635492,-0.012113433364508097
69,10.406300147667679,0.030330147667678276
70,10.36219457194605,-0.013775428053950378
71,10.405514397377306,0.029544397377305742
72,10.361041469803528,-0.014928530196472778
73,10.404703964732517,0.02873396473251688
74,10.360121670286192,-0.01584832971380834
75,10.403864480295095,0.027894480295094226
76,10.360919579785397,-0.015050420214603122
77,10.402996712926164,0.027026712926163654
78,10.36358532967484,-0.012384670325159775
79,10.402114620643903,0.026144620643902883
80,10.366024365761795,-0.009945634238205159
81,10.40122246750703,0.025252467507028697
82,10.368261090551663,-0.007708909448338019
83,10.400323882328864,0.02435388232886382
84,10.37031350683413,-0.005656493165870913
85,10.399420293584726,0.023450293584724946
86,10.37219278146095,-0.003777218539051219
87,10.398511084023381,0.02254108402338062
88,10.373919554040462,-0.002050445959538294
89,10.397595480965803,0.021625480965802524
90,10.375510605898532,-0.0004593941014690017
91,10.39668142243564,0.020711422435638838
92,10.376968350704262,0.0009983507042612416
93,10.395776585958343,0.019806585958342282
94,10.378303149656524,0.0023331496565237586
95,10.394873846506895,0.018903846506894695
96,10.379523069448204,0.0035530694482037717
97,10.3939748703654,0.018004870365398773
98,10.380636770258139,0.004666770258138442
99,10.393080749457951,0.017110749457950547
100,10.381654683650858,0.005684683650857281
101,10.392191546265403,0.01622154626540251
102,10.382586579418117,0.006616579418116331
103,10.391309508075755,0.015339508075754793
104,10.383438730850393,0.007468730850392902
105,10.390444534341983,0.014474534341982093
106,10.384209911406485,0.008239911406484168
107,10.389584362857198,0.013614362857197193
108,10.384905980419504,0.008935980419503053
109,10.388729047299384,0.012759047299383042
110,10.385533874846232,0.009563874846231002
111,10.387881932080068,0.0119119320800678
112,10.386100726702333,0.010130726702332282
113,10.387043855592827,0.011073855592826476
114,10.386618336008311,0.010648336008310721
115,10.386231671988023,0.010261671988022414
116,10.387082944148649,0.01111294414864794
117,10.385435687791091,0.00946568779109036
118,10.38749672358098,0.011526723580979947
119,10.384648106537622,0.008678106537621133
120,10.387863053462944,0.011893053462943115
121,10.383870093923607,0.007900093923606022
122,10.388187190938357,0.012217190938356381
123,10.383107993214445,0.007137993214444194
124,10.388468832263246,0.012498832263245774
125,10.38235682665823,0.006386826658228983
126,10.388714074577889,0.012744074577888398
127,10.381611366465746,0.005641366465745534
128,10.38892364170113,0.012953641701129115
129,10.380874178830455,0.004904178830454242
130,10.389100992076257,0.01313099207625612
131,10.380145033252639,0.004175033252638016
132,10.389249678172225,0.013279678172224862
133,10.379422793371115,0.003452793371113927
134,10.389370537865435,0.013400537865434714
135,10.378708699604184,0.002738699604183381
136,10.389465555023746,0.013495555023744998
137,10.378002252974111,0.002032252974110804
138,10.389535112026422,0.013565112026421744
139,10.377302305503338,0.0013323055033378495
140,10.389580942598217,0.013610942598216269
141,10.37660862401228,0.0006386240122786546
142,10.389603043881637,0.013633043881636553
143,10.37592163289854,-4.836710145994516e-05
144,10.38960338915835,0.013633389158348663
145,10.375253573036026,-0.000716426963974115
146,10.389583306242052,0.013613306242051593
147,10.374622621149657,-0.001347378850343972
148,10.389544259306076,0.013574259306075476
149,10.373999224282814,-0.0019707757171865126
150,10.389487581261939,0.01351758126193836
151,10.373383544085566,-0.0025864559144341825
152,10.389417568488298,0.013447568488297534
153,10.372774137022098,-0.0031958629779023084
154,10.389335263458227,0.013365263458226195
155,10.372170835331342,-0.0037991646686581504
156,10.389238279851197,0.013268279851196496
157,10.37157338249755,-0.004396617502450795
158,10.38912726450744,0.013157264507439592
159,10.371006306496152,-0.004963693503848177
160,10.389006841813135,0.013036841813134359
161,10.370505604417247,-0.0054643955827540225
162,10.388874263286228,0.012904263286227291
163,10.370007056333597,-0.00596294366640393
164,10.38873120550981,0.012761205509809415
165,10.369518274665639,-0.006451725334361669
166,10.388578686049113,0.012608686049112805
167,10.369197669884828,-0.006772330115172309
168,10.388417046811206,0.012447046811205453
169,10.368984974020357,-0.0069850259796435665
170,10.388246758035015,0.012276758035014268
171,10.369357256172092,-0.0066127438279082185
172,10.388067483247744,0.012097483247742957
173,10.370119713850976,-0.005850286149025052
174,10.387879748980462,0.011909748980460932
175,10.370847465465543,-0.005122534534457657
176,10.387684600950399,0.011714600950398335
177,10.37154290933732,-0.004427090662680655
178,10.387482310018173,0.011512310018172656
179,10.372209727598543,-0.0037602724014575983
180,10.387274515673276,0.011304515673275617
181,10.372845750026313,-0.003124249973687654
182,10.387060922395747,0.011090922395746716
183,10.373451788123958,-0.0025182118760422867
184,10.386840764773542,0.010870764773541097
185,10.374029179557727,-0.0019408204422735054
186,10.386617527591078,0.010647527591077122
187,10.374580860474667,-0.0013891395253331495
188,10.386392533779421,0.010422533779420817
189,10.375107536163613,-0.0008624638363876613
190,10.386164062284022,0.010194062284021754
191,10.375609014007738,-0.0003609859922626413
192,10.385931739250179,0.00996173925017807
193,10.376086816640356,0.00011681664035556594
194,10.385698637703845,0.009728637703844356
195,10.376543116941328,0.000573116941327001
196,10.385461540466384,0.009491540466383341
197,10.376977194440544,0.001007194440543202
198,10.38522140550639,0.009251405506390142
199,10.377390788207753,0.0014207882077528211
200,10.384977586843645,0.009007586843644333
201,10.377784119087723,0.0018141190877223323
202,10.384730199714806,0.008760199714805239
203,10.3781575135515,0.002187513551499265
204,10.384480007095647,0.008510007095646088
205,10.378512569435008,0.0025425694350076355
206,10.384226393901248,0.008256393901246994
207,10.378849767874385,0.002879767874384598
208,10.383970146367917,0.008000146367916017
209,10.379169268254941,0.003199268254940435
210,10.383711252539653,0.007741252539652521
211,10.379471897622427,0.0035018976224261422
212,10.383449652067418,0.007479652067416964
213,10.379759240634288,0.0037892406342869833
214,10.383185770143513,0.007215770143512046
215,10.380033819933303,0.004063819933302071
216,10.38291976886231,0.006949768862309469
217,10.380294684122003,0.004324684122002154
218,10.382651724615009,0.0066817246150083776
219,10.380541762172333,0.004571762172332683
220,10.382381895903293,0.00641189590329283
221,10.380775595471633,0.004805595471632174
222,10.382111735340763,0.006141735340762011
223,10.380995913158298,0.005025913158297257
224,10.381840722642833,0.005870722642832504
225,10.381202997138617,0.005232997138616469
226,10.381568633971144,0.00559863397114313
227,10.381397299881513,0.005427299881512582
228,10.381295021224036,0.005325021224034998
229,10.381579585566838,0.005609585566837438
230,10.381020048923734,0.005050048923733286
231,10.381751969119765,0.005781969119764696
232,10.38074408869463,0.004774088694629697
233,10.381914116558356,0.005944116558355361
234,10.380467338975537,0.00449733897553628
235,10.382065325813496,0.006095325813495478
236,10.380189597080257,0.004219597080256321
237,10.382205903803564,0.006235903803563758
238,10.379911941525494,0.00394194152549332
239,10.382336654597779,0.0063666545977785205
240,10.379634095793431,0.003664095793430633
241,10.382457766535996,0.006487766535995476
242,10.379355624507589,0.0033856245075885028
243,10.382570020965053,0.006600020965052522
244,10.379076578483648,0.003106578483647482
245,10.382673921541901,0.0067039215419004705
246,10.37879758635171,0.0028275863517102096
247,10.382769532350043,0.00679953235004227
248,10.378518245921136,0.002548245921135006
249,10.38285648698197,0.006886486981969142
250,10.3782454102175,0.0022754102174999957
251,10.382935051186026,0.006965051186025306
252,10.377977930350005,0.002007930350004017
253,10.383005537213602,0.007035537213601728
254,10.377710392450894,0.0017403924508929691
255,10.383069107234405,0.007099107234404656
256,10.377442370446063,0.001472370446062854
257,10.383126333143652,0.007156333143651494
258,10.377173984474283,0.0012039844742819383
259,10.383176242675086,0.007206242675085406
260,10.376906314299642,0.000936314299641694
261,10.383219078541057,0.007249078541056164
262,10.376638642564506,0.000668642564505717
263,10.383255084667555,0.007285084667554287
264,10.376371213073652,0.00040121307365126313
265,10.38328523328718,0.0073152332871799786
266,10.376105083665905,0.00013508366590464504
267,10.383309626146106,0.007339626146105616
268,10.37583928912863,-0.00013071087137106474
269,10.38332788232072,0.007357882320718545
270,10.37557399509514,-0.00039600490486080275
271,10.383340204356298,0.007370204356297094
272,10.375308795593428,-0.0006612044065725797
273,10.383347334887189,0.007377334887188169
274,10.37504909253653,-0.0009209074634703995
275,10.383349062972032,0.007379062972031392
276,10.374792349775843,-0.0011776502241573894
277,10.38334546221552,0.00737546221551888
278,10.374541878654094,-0.001428121345906419
279,10.383337259463968,0.007367259463967102
280,10.37430195347655,-0.0016680465234504283
281,10.383324162651636,0.007354162651635576
282,10.374061861478218,-0.0019081385217827318
283,10.383306132391148,0.0073361323911473875
284,10.373821720338768,-0.002148279661232877
285,10.383283451051545,0.007313451051544462
286,10.373581688205968,-0.002388311794032205
287,10.383256849008648,0.007286849008647067
288,10.373341783743326,-0.0026282162566744205
289,10.383226071775105,0.0072560717751049
290,10.37310203590376,-0.002867964096241238
291,10.383191437489435,0.007221437489434379
292,10.372882414737974,-0.003087585262026238
293,10.383152952956657,0.007182952956656052
294,10.372677695627347,-0.0032923043726533763
295,10.383110955348302,0.007140955348301503
296,10.372472355630064,-0.0034976443699363813
297,10.383065063836392,0.007095063836391802
298,10.37228451427314,-0.003685485726860449
299,10.383015772876586,0.007045772876585588
300,10.372151335135197,-0.003818664864803978
301,10.382962805265503,0.006992805265502611
302,10.372106143415811,-0.003863856584189307
303,10.382906333698859,0.006936333698858377
304,10.372357175620289,-0.0036128243797115545
305,10.382846570246844,0.006876570246843627
306,10.37267028656134,-0.0032997134386612004
307,10.382783466344812,0.006813466344810948
308,10.372973977668982,-0.0029960223310183665
309,10.382717122882914,0.006747122882913459
310,10.373268644398607,-0.002701355601393729
311,10.382647874261,0.006677874260999417
312,10.373555210050405,-0.0024147899495954306
313,10.382576209156502,0.0066062091565015635
314,10.373833553353633,-0.0021364466463680287
315,10.382502123807269,0.00653212380726842
316,10.374103496981222,-0.0018665030187783316
317,10.382425330089797,0.006455330089796263
318,10.374365339403749,-0.0016046605962518612
319,10.382345814894348,0.006375814894347798
320,10.37461942640221,-0.0013505735977901168
321,10.382263731481514,0.006293731481513021
322,10.37486561033035,-0.0011043896696509847
323,10.382179352379682,0.006209352379681121
324,10.375104096064174,-0.0008659039358267506
325,10.382092487886531,0.006122487886530692
326,10.375335749641938,-0.000634250358062971
327,10.382003483575394,0.006033483575393461
328,10.375560458360312,-0.0004095416396889817
329,10.381913367760914,0.005943367760913532
330,10.375778373045398,-0.00019162695460295254
331,10.38182182156077,0.005851821560769466
332,10.375989258306122,1.925830612137247e-05
333,10.381728362043656,0.0057583620436556515
334,10.376193280822982,0.00022328082298095353
335,10.38163277501408,0.005662775014078747
336,10.376390606101907,0.0004206061019065288
337,10.381535101780232,0.005565101780231174
338,10.376582053302986,0.0006120533029854158
339,10.381435475654184,0.005465475654183649
340,10.37676737422155,0.0007973742215501289
341,10.381334293747216,0.005364293747215143
342,10.376946881999652,0.0009768819996516243
343,10.38123139262238,0.005261392622379901
344,10.377120291098567,0.0011502910985665693
345,10.381126976967588,0.005156976967587212
346,10.377287739405261,0.0013177394052608093
347,10.381021200623165,0.00505120062316422
348,10.377449388422919,0.001479388422918504
349,10.380914281252062,0.0049442812520617
350,10.377605881723639,0.0016358817236383771
351,10.380806034974183,0.0048360349741827235
352,10.37775730928772,0.0017873092877191965
353,10.380696358590235,0.004726358590234625
354,10.377903415108857,0.0019334151088568063
355,10.380585256792347,0.004615256792346756
356,10.37804431993579,0.0020743199357902142
357,10.380472950112507,0.004502950112506454
358,10.378180315502348,0.002210315502347626
359,10.380359407081746,0.004389407081745844
360,10.378311669523908,0.0023416695239077967
361,10.380244899430204,0.00427489943020376
362,10.378438663475151,0.002468663475150734
363,10.380130345969818,0.004160345969816959
364,10.378560795892552,0.0025907958925515118
365,10.380015613075624,0.0040456130756236774
366,10.378678323744424,0.0027083237444234243
367,10.379899954995079,0.003929954995077978
368,10.378791475768852,0.002821475768850945
369,10.379783075018924,0.003813075018923584
370,10.378900213873202,0.0029302138732010263
371,10.379664950917006,0.003694950917005002
372,10.379004607000965,0.0030346070009645842
373,10.379546524637156,0.0035765246371557424
374,10.379104924764691,0.003134924764690794
375,10.379427484905868,0.003457484905867503
376,10.379201213101796,0.003231213101795305
377,10.379307502071928,0.0033375020719272896
378,10.379293359391484,0.003323359391483649
379,10.379186460423629,0.00321646042362822
380,10.379381696904973,0.003411696904972672
381,10.3790648224872,0.003094822487199167
382,10.37946629174536,0.003496291745358704
383,10.378942186153148,0.00297218615314776
384,10.379547234988523,0.003577234988522804
385,10.378819233146487,0.0028492331464864407
386,10.379624368665432,0.003654368665431562
387,10.378696153906734,0.002726153906733586
388,10.379697978875084,0.003727978875083693
389,10.37857246224287,0.002602462242869308
390,10.379768042750804,0.003798042750803532
391,10.378447961114942,0.0024779611149412517
392,10.379834629325146,0.003864629325144975
393,10.378322904615795,0.0023529046157939604
394,10.379897933604088,0.003927933604087386
395,10.378197194065374,0.0022271940653730837
396,10.379958091867739,0.003988091867737964
397,10.378070888335193,0.002100888335192508
398,10.38001509903288,0.004045099032879307
399,10.37794381628227,0.0019738162822697802
400,10.38006891269281,0.0040989126928092645
401,10.37781607613591,0.001846076135908703
402,10.380119705503962,0.004149705503960988
403,10.377687653866694,0.001717653866693425
404,10.380167843101733,0.004197843101731991
405,10.377558523263165,0.0015885232631642765
406,10.380213102776274,0.0042431027762734885
407,10.37742878424247,0.0014587842424695907
408,10.380255527641097,0.004285527641096465
409,10.377298422319308,0.0013284223193075206
410,10.380295173062482,0.004325173062481369
411,10.377167422180593,0.0011974221805921559
412,10.380332121232037,0.004362121232036387
413,10.377036018289065,0.0010660182890642744
414,10.380366372249767,0.004396372249766856
415,10.376904542934577,0.0009345429345763989
416,10.380397927739729,0.004427927739728332
417,10.37677275098845,0.0008027509884502848
418,10.380426812053997,0.004456812053996728
419,10.376640600697836,0.0006706006978358658
420,10.380453280738259,0.004483280738257989
421,10.376510475220613,0.0005404752206121799
422,10.380477371959907,0.004507371959906692
423,10.376382180248862,0.0004121802488619153
424,10.3804990925074,0.0045290925073988575
425,10.376253454931005,0.0002834549310044565
426,10.38051839574911,0.004548395749109702
427,10.376124259547389,0.00015425954738823577
428,10.3805353054716,0.004565305471599501
429,10.3759947174977,2.471749770016629e-05
430,10.380549812160275,0.004579812160274699
431,10.375865029573633,-0.00010497042636714582
432,10.38056200003716,0.004592000037160204
433,10.375735542653121,-0.0002344573468793243
434,10.380572057570149,0.004602057570147977
435,10.375605641490303,-0.00036435850969773753
436,10.380580222433533,0.004610222433532485
437,10.37547551965114,-0.000494480348860904
438,10.380586292567905,0.004616292567904523
439,10.375345289338942,-0.0006247106610590691
440,10.380590349431614,0.004620349431613491
441,10.37521466520596,-0.0007553347940412181
442,10.380592321424059,0.004622321424058384
443,10.375083711441983,-0.000886288558017867
444,10.380592230004565,0.004622230004564187
445,10.374952371209929,-0.0010176287900716119
446,10.380590336769425,0.004620336769423972
447,10.374820945273624,-0.0011490547263761641
448,10.380586842903071,0.004616842903070406
449,10.37469515599689,-0.0012748440031113972
450,10.380582179401273,0.004612179401272343
451,10.374572000657626,-0.0013979993423749448
452,10.380576184960809,0.004606184960808335
453,10.37444843069517,-0.0015215693048311607
454,10.380568364745837,0.004598364745836747
455,10.374324445984124,-0.0016455540158766269
456,10.380558690028886,0.0045886900288856225
457,10.374200180274466,-0.0017698197255349157
458,10.380547197621127,0.004577197621125961
459,10.37407662256929,-0.0018933774307097195
460,10.380533981625709,0.004563981625707925
461,10.373953641252937,-0.002016358747063407
462,10.380519289049921,0.004549289049920802
463,10.373849008770927,-0.00212099122907361
464,10.380503036940423,0.004533036940422619
465,10.373744071691007,-0.0022259283089933746
466,10.38048511155864,0.004515111558639262
467,10.37363857098176,-0.002331429018241238
468,10.380465544247224,0.004495544247223648
469,10.373557392966363,-0.002412607033637215
470,10.380444435411222,0.004474435411221833
471,10.373489565499616,-0.0024804345003843764
472,10.380421979604797,0.0044519796047968185
473,10.373527787780567,-0.002442212219433415
474,10.38039812351628,0.004428123516278859
475,10.373688795187837,-0.002281204812163651
476,10.380372765662012,0.004402765662010921
477,10.373846328419244,-0.0021236715807564366
478,10.380346389608233,0.0043763896082325004
479,10.374000621604532,-0.001969378395468624
480,10.380318745131824,0.004348745131823151
481,10.37415171850035,-0.0018182814996503538
482,10.38028976649322,0.0043197664932197455
483,10.374299762009048,-0.001670237990952117
484,10.380259554410411,0.004289554410410901
485,10.374444705513126,-0.0015252944868748841
486,10.380228088319729,0.004258088319728515
487,10.374586633947002,-0.0013833660529982694
488,10.380195487599119,0.004225487599118338
489,10.374725435024644,-0.0012445649753569654
490,10.380161590036732,0.004191590036731085
491,10.3748612365726,-0.0011087634273998503
492,10.380126484113074,0.004156484113073233
493,10.374994039002871,-0.000975960997129377
494,10.38009019579451,0.00412019579450984
495,10.375124057625547,-0.0008459423744540118
496,10.380053063231738,0.0040830632317376825
497,10.37525111471852,-0.0007188852814810076
498,10.380014764175343,0.004044764175342053
499,10.375375320204745,-0.0005946797952560701
500,10.379975260255144,0.004005260255143028
501,10.375496721943636,-0.00047327805636498965
502,10.379934687460734,0.003964687460733529
503,10.375615378937422,-0.0003546210625788859
504,10.379892993148793,0.003922993148792742
505,10.375731390836293,-0.00023860916370743723
506,10.379850201723132,0.0038802017231311936
507,10.375844736439284,-0.00012526356071695943
508,10.379806381259948,0.0038363812599477853
509,10.375955392171031,-1.4607828969559478e-05
510,10.379761497190186,0.0037914971901855665
511,10.376063573150594,9.357315059332905e-05
512,10.37971554806909,0.0037455480690891108
513,10.376169570385011,0.00019957038501061675
514,10.379668592435811,0.0036985924358106104
515,10.376273267089257,0.0003032670892562095
516,10.379621352033931,0.0036513520339305217
517,10.376374461396836,0.0004044613968350319
518,10.379573318428493,0.0036033184284924857
519,10.376473252112838,0.0005032521128374157
520,10.37952438580999,0.0035543858099895687
521,10.376569599748088,0.0005995997480869875
522,10.379474619726173,0.003504619726172109
523,10.376663573429527,0.0006935734295261398
524,10.379423998127914,0.003453998127913138
525,10.376755221647917,0.0007852216479165008
526,10.3793727769298,0.0034027769297999555
527,10.376844547149702,0.0008745471497011437
528,10.37932087705313,0.0033508770531298637
529,10.376931618562486,0.0009616185624850004
530,10.3792680716242,0.0032980716241990393
531,10.37701668174124,0.0010466817412400076
532,10.379214377214373,0.003244377214372207
533,10.377099580075557,0.0011295800755561913
534,10.37915985488164,0.0031898548816400307
535,10.37718042036579,0.001210420365788778
536,10.379104660165913,0.0031346601659123507
537,10.377259130849726,0.0012891308497255949
538,10.379048748016828,0.003078748016827504
539,10.377335704987662,0.0013657049876609761
540,10.378992094471723,0.003022094471722525
541,10.377410225449099,0.0014402254490981647
542,10.37893463824777,0.002964638247769713
543,10.37748275826731,0.0015127582673102324
544,10.378876458769952,0.0029064587699512145
545,10.377553308279742,0.0015833082797414022
546,10.378817576520989,0.0028475765209883264
547,10.377622068408273,0.001652068408272811
548,10.378757978466783,0.0027879784667828034
549,10.377688960338238,0.0017189603382377072
550,10.378697711929174,0.0027277119291735374
551,10.377754004299103,0.0017840042991021932
552,10.378636873384792,0.002666873384791657
553,10.37781723984559,0.0018472398455902095
554,10.378575460402955,0.002605460402953952
555,10.377878793934252,0.0019087939342519178
556,10.378513526432304,0.002543526432303267
557,10.377938503796186,0.0019685037961849616
558,10.378450972355548,0.0024809723555474505
559,10.377996418316137,0.002026418316136258
560,10.378387747967048,0.0024177479670477453
561,10.378052711541606,0.002082711541605775
562,10.37832392088219,0.002353920882189442
563,10.378107331724681,0.002137331724680891
564,10.378259492488148,0.00228949248814736
565,10.378160248169767,0.002190248169766207
566,10.378194486841116,0.002224486841114981
567,10.378211499053474,0.0022414990534738166
568,10.378128990371888,0.0021589903718872705
569,10.378261291631164,0.0022912916311632614
570,10.378062929645388,0.0020929296453875423
571,10.378309449527176,0.0023394495271755744
572,10.377996299716825,0.0020262997168245533
573,10.378356050725584,0.0023860507255832886
574,10.377929960489615,0.001959960489614332
575,10.37840111069448,0.0024311106944789884
576,10.377863407206167,0.0018934072061664864
577,10.378444716084525,0.002474716084524431
578,10.377796650736549,0.0018266507365485296
579,10.378486782287473,0.002516782287472097
580,10.377729632302104,0.001759632302103853
581,10.378527310990622,0.0025573109906211755
582,10.377662194127879,0.0016921941278784658
583,10.378566300391297,0.0025963003912963245
584,10.377594243683982,0.0016242436839810637
585,10.378603847291387,0.002633847291386715
586,10.377525781051482,0.00155578105148102
587,10.378640068717582,0.002670068717581131
588,10.377456916029594,0.001486916029593388
589,10.378674875533743,0.0027048755337428787
590,10.377387658312557,0.001417658312556469
591,10.378708236818717,0.002738236818716544
592,10.377318185690884,0.0013481856908832413
593,10.37874019177414,0.0027701917741396187
594,10.377248309853401,0.0012783098534008275
595,10.378770871432309,0.0028008714323082273
596,10.377177975875409,0.0012079758754079961
597,10.378800212521712,0.0028302125217116725
598,10.377107235149456,0.0011372351494554067
599,10.3788282483671,0.0028582483670991365
600,10.377036072987849,0.0010660729878484432
601,10.378854943891186,0.002884943891185543
602,10.376964518798802,0.0009945187988016357
603,10.378880450455467,0.0029104504554666732
604,10.376892659803714,0.0009226598037130884
605,10.378904665426743,0.0029346654267428107
606,10.376820615225023,0.0008506152250227217
607,10.378927632297986,0.002957632297984958
608,10.376749084223873,0.000779084223871962
609,10.378949468535158,0.0029794685351571815
610,10.37667746984204,0.0007074698420392878
611,10.378970138830836,0.003000138830834942
612,10.376605485056794,0.0006354850567937831
613,10.378989690301934,0.0030196903019330534
614,10.376533271542717,0.0005632715427168478
615,10.379008054351663,0.0030380543516628222
616,10.376461088455342,0.000491088455341071
617,10.379025207151274,0.00305520715127372
618,10.376388770798693,0.0004187707986922362
619,10.37904125063269,0.0030712506326899813
620,10.376316168155467,0.00034616815546684165
621,10.379056198319622,0.003086198319621758
622,10.376243259311057,0.000273259311056151
623,10.37906999282379,0.003099992823790032
624,10.376169998578499,0.00019999857849839486
625,10.379082693681523,0.0031126936815226713
626,10.376096393522065,0.00012639352206456067
627,10.379094317262062,0.0031243172620616377
628,10.37602251445091,5.251445090870277e-05
629,10.379104855120802,0.003134855120801916
630,10.375949944658801,-2.005534119930985e-05
631,10.379114332941592,0.0031443329415914434
632,10.375877768208154,-9.223179184658648e-05
633,10.379122876685255,0.0031528766852542134
634,10.375805360670944,-0.00016463932905708134
635,10.379130506734812,0.003160506734811719
636,10.375732650787855,-0.00023734921214568772
637,10.37913715474778,0.0031671547477802875
638,10.375659735291213,-0.00031026470878714463
639,10.379142777684732,0.003172777684731898
640,10.375586516077401,-0.000383483922599126
641,10.379147481645711,0.0031774816457108557
642,10.375512964112062,-0.0004570358879387726
643,10.379151185365496,0.003181185365495054
644,10.375439138656697,-0.0005308613433037124
645,10.379153930045234,0.0031839300452336516
646,10.375364991394,-0.0006050086060014337
647,10.379155719811216,0.003185719811215293
648,10.375290531599823,-0.0006794684001771856
649,10.379156543838675,0.0031865438386748934
650,10.375215792773902,-0.0007542072260982025
651,10.37915644123726,0.0031864412372595297
652,10.375140782190497,-0.0008292178095032909
653,10.37915543764587,0.003185437645869982
654,10.375065568692882,-0.0009044313071182586
655,10.379153551761858,0.0031835517618574727
656,10.374990927263147,-0.0009790727368539365
657,10.379150863931217,0.0031808639312167486
658,10.374920130005536,-0.0010498699944641032
659,10.37914735394529,0.0031773539452899513
660,10.3748490718675,-0.0011209281325008646
661,10.379143014474064,0.0031730144740631516
662,10.374777733503501,-0.0011922664964991725
663,10.379137884824281,0.0031678848242808755
664,10.37470612949091,-0.0012638705090903812
665,10.37913194394713,0.0031619439471288757
666,10.374634230574763,-0.0013357694252373875
667,10.37912519215054,0.0031551921505386105
668,10.374562105948163,-0.0014078940518373884
669,10.379117899954405,0.003147899954404565
670,10.374494995972602,-0.0014750040273980858
671,10.379109885190015,0.003139885190014624
672,10.37443300775352,-0.0015369922464802954
673,10.379101137937935,0.003131137937934625
674,10.374371060123593,-0.001598939876407357
675,10.379091640587935,0.0031216405879348486
676,10.374313093902373,-0.0016569060976276972
677,10.379081441590984,0.0031114415909829773
678,10.37427197115075,-0.0016980288492511875
679,10.379070461495363,0.003100461495362694
680,10.37425488747786,-0.001715112522139961
681,10.379058770934787,0.0030887709347862113
682,10.374323335434198,-0.0016466645658024248
683,10.379046427621953,0.003076427621952149
684,10.374414652954815,-0.0015553470451852291
685,10.379033370226054,0.003063370226053408
686,10.374504440524912,-0.0014655594750880852
687,10.379019565031228,0.0030495650312278855
688,10.374592774654301,-0.0013772253456991734
689,10.379005113345054,0.00303511334505302
690,10.374679705109331,-0.0012902948906692302
691,10.378989991307202,0.0030199913072017637
692,10.374765224720967,-0.0012047752790333988
693,10.37897421321482,0.0030042132148189182
694,10.374849354660205,-0.0011206453397960559
695,10.37895773585337,0.002987735853368534
696,10.374932065815498,-0.001037934184502376
697,10.378940606015878,0.002970606015876953
698,10.375013430513928,-0.0009565694860729224
699,10.378922945498235,0.0029529454982348824
700,10.37509339822858,-0.0008766017714201269
701,10.378904638910882,0.0029346389108813042
702,10.375172020144046,-0.0007979798559549778
703,10.378885737234473,0.0029157372344723598
704,10.37524936420421,-0.0007206357957905141
705,10.378866643175725,0.002896643175724023
706,10.375325348024761,-0.0006446519752394408
707,10.378846926786688,0.0028769267866870507
708,10.375400033220563,-0.0005699667794374363
709,10.37882658480604,0.0028565848060395638
710,10.37547347769568,-0.0004965223043207345
711,10.378805647056126,0.002835647056125268
712,10.375545690658555,-0.0004243093414455501
713,10.378784208696842,0.0028142086968419022
714,10.375616620080592,-0.0003533799194084253
715,10.378762238314357,0.0027922383143561547
716,10.3756863415758,-0.0002836584242000839
717,10.37873987430265,0.002769874302648745
718,10.375754816579205,-0.00021518342079573927
719,10.378717023668457,0.002747023668456805
720,10.375822132260542,-0.00014786773945907328
721,10.378693612082824,0.0027236120828231236
722,10.375888208915939,-8.179108406203284e-05
723,10.37866971023381,0.002699710233809327
724,10.375953061009705,-1.6938990295756184e-05
725,10.378645409480438,0.0026754094804370965
726,10.376016704562598,4.6704562597810195e-05
727,10.378620726202012,0.0026507262020114553
728,10.376079259369458,0.00010925936945760384
729,10.378595488227923,0.0026254882279221903
730,10.376140713372015,0.00017071337201457482
731,10.378569741540598,0.002599741540597833
732,10.376201005529385,0.00023100552938437602
733,10.378543517211142,0.0025735172111414073
734,10.376260143925682,0.00029014392568171843
735,10.378516776867295,0.0025467768672946534
736,10.376318324061929,0.00034832406192819576
737,10.378489521479198,0.0025195214791970955
738,10.376375497625721,0.0004054976257208409
739,10.378461739062779,0.002491739062778109
740,10.376431644137494,0.0004616441374931668
741,10.37843347247742,0.002463472477419515
742,10.376486691742475,0.0005166917424741513
743,10.378404973818272,0.002434973818271402
744,10.376540696418179,0.0005706964181779739
745,10.378376055640388,0.0024060556403870947
746,10.376593695719512,0.0006236957195113746
747,10.378346661594684,0.0023766615946829717
748,10.376645685832957,0.0006756858329559634
749,10.378316808051704,0.0023468080517030643
750,10.376696702024699,0.0007267020246981559
751,10.37828649302258,0.0023164930225796354
752,10.376746709847634,0.0007767098476332279
753,10.378255737859966,0.002285737859965664
754,10.376795741902912,0.0008257419029114033
755,10.378224544696941,0.0022545446969406413
756,10.376843798666966,0.0008737986669657971
757,10.378192950591048,0.002222950591047379
758,10.376890855247762,0.0009208552477613097
759,10.3781609226459,0.0021909226458998177
760,10.37693694155253,0.0009669415525301872
761,10.378128465907016,0.0021584659070157386
762,10.376982082974257,0.0010120829742561455
763,10.378095564543894,0.0021255645438937876
764,10.377026252016332,0.001056252016331527
765,10.378062230703211,0.002092230703210518
766,10.377069470912511,0.001099470912510725
767,10.378028533784068,0.0020585337840675066
768,10.377111783440094,0.0011417834400937465
769,10.377994409260827,0.0020244092608265873
770,10.377153266177297,0.0011832661772963604
771,10.377959939404676,0.0019899394046749563
772,10.377193894530151,0.0012238945301508153
773,10.3779250989737,0.0019550989736991653
774,10.377233685645134,0.00126368564513335
775,10.377889838158845,0.0019198381588445557
776,10.377272593672416,0.0013025936724151421
777,10.37785418536796,0.0018841853679596454
778,10.377310614462258,0.0013406144622578609
779,10.37781814953478,0.0018481495347799637
780,10.37734773648858,0.0013777364885800836
781,10.377781817837826,0.001811817837825913
782,10.37738399550053,0.0014139955005294524
783,10.377745258257459,0.0017752582574583897
784,10.377419398980262,0.0014493989802613072
785,10.377708419794672,0.0017384197946714863
786,10.377453933190509,0.0014839331905083242
787,10.377671224871158,0.001701224871156981
788,10.377487625703212,0.001517625703211678
789,10.377633737863995,0.001663737863994541
790,10.377520457388984,0.0015504573889835171
791,10.377595872427898,0.00162587242789769
792,10.377552439313751,0.0015824393137506831
793,10.377557652486239,0.0015876524862381558
794,10.377583655458368,0.0016136554583674467
795,10.377519078878604,0.0015490788786038934
796,10.377614124800132,0.0016441248001317632
797,10.377480141640703,0.0015101416407024004
798,10.37764380950116,0.0016738095011596954
799,10.377440860517664,0.0014708605176636524
800,10.37767270231367,0.0017027023136702013
801,10.377401342104339,0.0014313421043379293
802,10.3777008313146,0.0017308313145996124
803,10.377361495627676,0.0013914956276757096
804,10.377728181496801,0.001758181496800404
805,10.377321391375922,0.0013513913759215512
806,10.377754765052895,0.001784765052894599
807,10.37728118628,0.0013111862799988216
808,10.37778060054053,0.0018106005405300607
809,10.377240680165974,0.0012706801659732037
810,10.377805789479076,0.0018357894790757001
811,10.377199854170607,0.0012298541706066146
812,10.377830262114252,0.0018602621142509435
813,10.377158746280605,0.0011887462806043914
814,10.37785406913523,0.001884069135229538
815,10.377117363557133,0.0011473635571324081
816,10.37787716932705,0.001907169327049374
817,10.377075693867539,0.0011056938675384487
818,10.377899570749967,0.0019295707499669135
819,10.377033820456846,0.001063820456845832
820,10.37792127248088,0.0019512724808787851
821,10.37699215977326,0.001022159773260256
822,10.377942253268126,0.0019722532681250016
823,10.376950629122256,0.000980629122254939
824,10.377962578413399,0.0019925784133985047
825,10.376908831641023,0.0009388316410223752
826,10.377982224633255,0.002012224633254789
827,10.376866763524829,0.000896763524828259
828,10.378001216524796,0.0020312165247950986
829,10.37682440076666,0.0008544007666593245
830,10.378019565293677,0.002049565293676281
831,10.376781786069929,0.0008117860699279333
832,10.37803725805081,0.0020672580508094285
833,10.376739055370894,0.0007690553708936676
834,10.37805429852987,0.002084298529869244
835,10.37669603442224,0.0007260344222395076
836,10.37807070325828,0.0021007032582787133
837,10.37665273515687,0.0006827351568698958
838,10.37808644665453,0.002116446654529369
839,10.37660921949239,0.0006392194923900973
840,10.378101533025811,0.0021315330258104837
841,10.376565479275275,0.0005954792752742577
842,10.378116030495038,0.0021460304950373654
843,10.376521486361396,0.000551486361395348
844,10.37813001931722,0.0021600193172197635
845,10.376477247245042,0.0005072472450411425
846,10.378143406024368,0.0021734060243669973
847,10.37643275763717,0.0004627576371696307
848,10.378156196842141,0.0021861968421408307
849,10.376388038351191,0.00041803835119047505
850,10.378168361658552,0.0021983616585519172
851,10.376343087309627,0.0003730873096259302
852,10.37817991779011,0.0022099177901093725
853,10.37629788857805,0.00032788857804888494
854,10.378190912821623,0.0022209128216221785
855,10.376252578083802,0.0002825780838016101
856,10.378201328495889,0.002231328495888363
857,10.376207240671926,0.0002372406719253206
858,10.378211178562006,0.0022411785620057856
859,10.376161701015093,0.00019170101509224935
860,10.378220483675666,0.0022504836756649382
861,10.376116017958399,0.00014601795839830345
862,10.378229202132184,0.0022592021321834466
863,10.37607013825421,0.00010013825420962519
864,10.378237347405486,0.002267347405485509
865,10.376024019376096,5.40193760958374e-05
866,10.37824494174008,0.0022749417400795835
867,10.375978024921363,8.024921362093096e-06
868,10.378251989349108,0.002281989349107505
869,10.375932008032763,-3.799196723797138e-05
870,10.378258525794566,0.002288525794565288
871,10.375885852334257,-8.414766574382782e-05
872,10.378264564749813,0.0022945647498122668
873,10.375839548347184,-0.00013045165281688753
874,10.378270064460155,0.002300064460154516
875,10.375793451222902,-0.0001765487770981622
876,10.378275050179568,0.0023050501795669476
877,10.375748485164822,-0.0002215148351787377
878,10.37827954849515,0.002309548495150082
879,10.375703292072435,-0.000266707927565335
880,10.378283518138343,0.002313518138342019
881,10.375657876551815,-0.0003121234481859858
882,10.37828695218837,0.00231695218836947
883,10.375612294656372,-0.0003577053436281119
884,10.37828988101379,0.0023198810137898818
885,10.375566559844541,-0.0004034401554591227
886,10.378292379776221,0.002322379776220629
887,10.375520612910567,-0.00044938708943398353
888,10.378294392230261,0.002324392230260486
889,10.375474541562976,-0.0004954584370242543
890,10.378295919558903,0.0023259195589027115
891,10.375428272549113,-0.0005417274508872083
892,10.378296977960476,0.0023269779604753182
893,10.375381817663536,-0.0005881823364646266
894,10.378297561774977,0.0023275617749760613
895,10.375335188945293,-0.0006348110547076402
896,10.378297678889373,0.0023276788893724643
897,10.375288411555358,-0.0006815884446425002
898,10.378297374853503,0.0023273748535022065
899,10.375241473754329,-0.0007285262456715458
900,10.378296620362061,0.0023266203620604387
901,10.375194410922326,-0.0007755890776746099
902,10.378295514157436,0.0023255141574356486
903,10.375149466054918,-0.0008205339450828575
904,10.378293951380028,0.0023239513800277223
905,10.375105094023134,-0.0008649059768668366
906,10.378291917764153,0.0023219177641529143
907,10.37506056428393,-0.0009094357160712718
908,10.378289449393135,0.002319449393134221
909,10.375015878959317,-0.0009541210406833756
910,10.378286574992053,0.0023165749920526224
911,10.374971210979226,-0.0009987890207749928
912,10.378283339003278,0.0023133390032779033
913,10.374926359918566,-0.001043640081434205
914,10.37827966332499,0.002309663324989941
915,10.374882147206918,-0.0010878527930824333
916,10.378275544394228,0.0023055443942272547
917,10.37484343479732,-0.0011265652026803963
918,10.378270992619507,0.002300992619506559
919,10.374804508910858,-0.0011654910891429893
920,10.378266023974936,0.002296023974935224
921,10.374765385456547,-0.0012046145434538857
922,10.378260639857716,0.002290639857715604
923,10.374737086233065,-0.0012329137669357948
924,10.378254836639298,0.0022848366392977937
925,10.374715866712972,-0.0012541332870288358
926,10.378248636427132,0.002278636427131886
927,10.374737418792849,-0.0012325812071516395
928,10.378242013669132,0.002272013669131212
929,10.374794784972636,-0.0011752150273647288
930,10.378235030855683,0.002265030855681971
931,10.374851450396934,-0.0011185496030670095
932,10.378227753237796,0.0022577532377958676
933,10.374907396636686,-0.0010626033633140963
934,10.378220118328741,0.002250118328740669
935,10.374962650546136,-0.0010073494538644923
936,10.378212101055436,0.0022421010554349863
937,10.37501717087299,-0.0009528291270104461
938,10.378203678717922,0.00223367871792135
939,10.37507095366039,-0.0008990463396099102
940,10.378194868449592,0.002224868449591355
941,10.375124009955824,-0.0008459900441764034
942,10.378185677418832,0.002215677418831774
943,10.375176355574105,-0.0007936444258955788
944,10.378176147642042,0.0022061476420418558
945,10.37522797983189,-0.0007420201681114236
946,10.378166234765953,0.0021962347659520987
947,10.375278900516486,-0.0006910994835145345
948,10.378155980624248,0.0021859806242474633
949,10.37532910396551,-0.0006408960344899128
950,10.378145346268017,0.0021753462680162983
951,10.375378621162236,-0.0005913788377647222
952,10.37813433564745,0.0021643356474498887
953,10.37542751871749,-0.00054248128251011
954,10.378123010696985,0.002153010696984481
955,10.375475764579791,-0.0004942354202093213
956,10.378111371654224,0.0021413716542237893
957,10.375523344174706,-0.00044665582529468395
958,10.378099373601469,0.002129373601468032
959,10.375570266404363,-0.000399733595637386
960,10.378087034472651,0.0021170344726506585
961,10.37561653747129,-0.000353462528710935
962,10.378074361772065,0.0021043617720639674
963,10.375662156606108,-0.0003078433938927816
964,10.378061389215645,0.002091389215644668
965,10.375707123852763,-0.00026287614723763397
966,10.378048103250908,0.0020781032509074038
967,10.375751435753202,-0.0002185642467988913
968,10.378034498542815,0.0020644985428148743
969,10.375795128098506,-0.00017487190149445553
970,10.378020547188777,0.002050547188776619
971,10.375838202983832,-0.000131797016168278
972,10.378006275203932,0.002036275203931126
973,10.375880687568838,-8.931243116272469e-05
974,10.3779916937042,0.0020216937041990235
975,10.375922556342694,-4.7443657306800446e-05
976,10.377976841709776,0.0020068417097753866
977,10.375963813995746,-6.186004254615796e-06
978,10.377961735697,0.001991735696998731
979,10.376004455597391,3.44555973903482e-05
980,10.377946315619429,0.001976315619428348
981,10.37604446972163,7.446972163016596e-05
982,10.377930580236773,0.001960580236772813
983,10.376083868666422,0.00011386866642126847
984,10.377914531717186,0.0019445317171857823
985,10.376122700562053,0.0001527005620527433
986,10.377898182001612,0.0019281820016114892
987,10.376160994246334,0.00019099424633317597
988,10.377881556243432,0.0019115562434315336
989,10.37619870676206,0.00022870676205855034
990,10.377864759566481,0.0018947595664808858
991,10.376235838513075,0.00026583851307471207
992,10.377847889167104,0.001877889167102964
993,10.376272401018445,0.0003024010184446979
994,10.377830852665143,0.001860852665142687
995,10.376308397646934,0.0003383976469333305
996,10.377813539295365,0.0018435392953648488
997,10.376343816328944,0.0003738163289437324
998,10.377795935487637,0.001825935487635988
999,10.376378669303627,0.00040866930362604137
1000,10.377778056448374,0.0018080564483735628
