num_steps,BD,error_BD
50,10.38916057707579,0.013190577075789633
51,10.390396956014287,0.014426956014286674
52,10.388735524243529,0.012765524243528503
53,10.389851685387493,0.013881685387492126
54,10.388332714414954,0.012362714414953402
55,10.389364319047736,0.013394319047735692
56,10.38796904165621,0.011999041656208576
57,10.388919248607026,0.01294924860702551
58,10.387658004210193,0.01168800421019256
59,10.388513972395822,0.012543972395821612
60,10.387357321493521,0.01138732149352073
61,10.388128152581086,0.012158152581084991
62,10.387073993627434,0.011103993627433084
63,10.387743639156731,0.011773639156730908
64,10.386786771605175,0.01081677160517458
65,10.38737490339482,0.011404903394819144
66,10.386504487135326,0.010534487135325676
67,10.387026589089814,0.011056589089813329
68,10.386233065997088,0.01026306599708704
69,10.386700388015761,0.01073038801576054
70,10.385988344071395,0.010018344071394125
71,10.386408300778822,0.01043830077882113
72,10.385753290444734,0.009783290444733694
73,10.386127288417676,0.010157288417675048
74,10.385519389085834,0.009549389085833582
75,10.385851204390022,0.00988120439002138
76,10.385349917587671,0.00937991758767076
77,10.385591859473184,0.009621859473183392
78,10.385176614398262,0.009206614398260982
79,10.385338771383267,0.00936877138326686
80,10.385002725287313,0.00903272528731236
81,10.38510093412993,0.009130934129929713
82,10.384832191223094,0.008862191223093063
83,10.384884802777398,0.008914802777397313
84,10.384669493542292,0.008699493542291492
85,10.38468145497369,0.008711454973688859
86,10.384527504518772,0.008557504518771353
87,10.384484847953436,0.008514847953435378
88,10.384388238289675,0.008418238289674917
89,10.384291467100311,0.008321467100310898
90,10.384244589388148,0.008274589388147291
91,10.384100322116739,0.008130322116738142
92,10.384097962842036,0.00812796284203543
93,10.383940558310732,0.007970558310731235
94,10.383950294038518,0.007980294038517854
95,10.383793346338226,0.00782334633822579
96,10.383803418811342,0.00783341881134092
97,10.383654216307123,0.007684216307122682
98,10.383658419763593,0.007688419763592691
99,10.383522816098404,0.007552816098403525
100,10.383518691622376,0.007548691622375259
101,10.383394577665005,0.007424577665004151
102,10.383385320143033,0.007415320143032034
103,10.383267843746056,0.007297843746055577
104,10.38325616120693,0.007286161206929265
105,10.383141132708468,0.007171132708467809
106,10.383126070524927,0.0071560705249265055
107,10.383021507294007,0.007051507294006498
108,10.382995299848846,0.007025299848844924
109,10.38290545805947,0.006935458059469823
110,10.382866103875424,0.006896103875423165
111,10.382796283687652,0.006826283687651369
112,10.382780322590303,0.006810322590302675
113,10.382693116601837,0.006723116601836665
114,10.382696724732465,0.006726724732464717
115,10.382595717585662,0.006625717585661661
116,10.382614992562782,0.006644992562781837
117,10.382502628071487,0.006532628071486357
118,10.382533586229949,0.006563586229948015
119,10.382411532146126,0.006441532146125084
120,10.382450138605721,0.006480138605720498
121,10.382320621428335,0.00635062142833398
122,10.38236653249535,0.0063965324953496605
123,10.382231833525712,0.006261833525710969
124,10.382282420949926,0.006312420949925013
125,10.382144316177277,0.00617431617727604
126,10.382196645607534,0.006226645607533499
127,10.38205673410831,0.006086734108309955
128,10.382109835417053,0.0061398354170520975
129,10.381971832713951,0.006001832713950606
130,10.382026143757708,0.006056143757707133
131,10.38188896982674,0.005918969826739229
132,10.381943126752551,0.005973126752550684
133,10.38180688217981,0.005836882179808711
134,10.381862359895052,0.005892359895051769
135,10.381727409932271,0.005757409932270363
136,10.381784750485838,0.005814750485837905
137,10.381648857549427,0.0056788575494266524
138,10.381712857667816,0.005742857667815571
139,10.381570476961338,0.005600476961337364
140,10.381642725513652,0.0056727255136515
141,10.381492091250825,0.005522091250824701
142,10.381573034964408,0.005603034964407172
143,10.381413650707113,0.005443650707112724
144,10.38150263916622,0.005532639166219155
145,10.381335314264184,0.005365314264183851
146,10.38143229377456,0.005462293774559868
147,10.381263800428679,0.005293800428677997
148,10.38136199605303,0.005391996053029757
149,10.381209019755119,0.00523901975511798
150,10.38129197539701,0.005321975397009737
151,10.381154790932117,0.005184790932116101
152,10.381222364665947,0.005252364665945919
153,10.381100240594659,0.005130240594658275
154,10.381154364413353,0.005184364413352682
155,10.381045905625712,0.00507590562571103
156,10.381092312539504,0.005122312539503682
157,10.380991457031476,0.005021457031475052
158,10.381037496523557,0.005067496523556869
159,10.380936170831546,0.004966170831545824
160,10.380982259060938,0.005012259060936941
161,10.380880954697181,0.004910954697180614
162,10.380926763732127,0.00495676373212639
163,10.380827467360723,0.004857467360722012
164,10.38087144329636,0.004901443296359886
165,10.380773905728377,0.004803905728376634
166,10.380817084641212,0.004847084641211197
167,10.38071988387764,0.00474988387763986
168,10.380768066999869,0.004798066999867956
169,10.380665546939703,0.004695546939702311
170,10.380721886467494,0.004751886467493804
171,10.380612035649445,0.0046420356494447645
172,10.380676573857876,0.00470657385787554
173,10.380559598131464,0.004589598131463646
174,10.380632083182318,0.0046620831823176445
175,10.3805087257701,0.0045387257701001715
176,10.380587434493815,0.004617434493814798
177,10.380457983533029,0.004487983533028483
178,10.380543077327918,0.004573077327917119
179,10.380406948277155,0.004436948277154684
180,10.38049901623724,0.004529016237238892
181,10.380355531923746,0.004385531923745134
182,10.380455336218413,0.004485336218412073
183,10.380304282104175,0.004334282104174747
184,10.380412297580197,0.004442297580196097
185,10.380254916674987,0.004284916674986761
186,10.38036896984325,0.0043989698432493896
187,10.380205417038596,0.004235417038595202
188,10.380325973463634,0.004355973463633589
189,10.38015621969623,0.004186219696229898
190,10.380284144563634,0.004314144563632993
191,10.380110086380009,0.004140086380008512
192,10.380243143878728,0.004273143878727126
193,10.380064995737868,0.004094995737867535
194,10.38020219229342,0.004232192293418535
195,10.38002006355911,0.004050063559109418
196,10.380161444872247,0.004191444872246208
197,10.3799801657933,0.004010165793300047
198,10.380122035433828,0.004152035433827805
199,10.379949328775485,0.003979328775484348
200,10.380082857079472,0.00411285707947151
201,10.379917726260125,0.003947726260124185
202,10.380044742835008,0.0040747428350069725
203,10.379886007379614,0.0039160073796136174
204,10.380006526755528,0.004036526755527348
205,10.3798541038566,0.003884103856599097
206,10.37996928355457,0.003999283554568578
207,10.379821477233543,0.0038514772335425107
208,10.37993188768954,0.003961887689539978
209,10.379788182723138,0.0038181827231369425
210,10.379895099301429,0.003925099301428148
211,10.379754519285274,0.003784519285273902
212,10.379858422554507,0.003888422554506832
213,10.379721572186842,0.003751572186841301
214,10.379821744242602,0.0038517442426009296
215,10.379690471068846,0.0037204710688456544
216,10.379785409306377,0.0038154093063766936
217,10.379659797568106,0.0036897975681053907
218,10.379749162452097,0.0037791624520959743
219,10.379629344498422,0.003659344498421646
220,10.37971298203649,0.003742982036490261
221,10.379602251389041,0.003632251389040775
222,10.379677080545807,0.003707080545806818
223,10.379575506729426,0.0036055067294249454
224,10.379642764186205,0.0036727641862039917
225,10.379548758827061,0.003578758827060824
226,10.379609164052363,0.0036391640523625313
227,10.379523031031376,0.0035530310313749425
228,10.379576018183494,0.0036060181834933758
229,10.379496723999976,0.003526723999975445
230,10.379542792144141,0.003572792144140635
231,10.379471081447353,0.0035010814473519503
232,10.379509518780612,0.003539518780611317
233,10.379446197152156,0.0034761971521550805
234,10.379479763568717,0.003509763568716906
235,10.379421444912918,0.0034514449129172675
236,10.379452170287287,0.003482170287286479
237,10.379396357888748,0.0034263578887472335
238,10.37942515286023,0.0034551528602300152
239,10.379370937658493,0.0034009376584922535
240,10.379398819611769,0.003428819611768219
241,10.379345216003127,0.0033752160031266243
242,10.379372353023104,0.0034023530231035437
243,10.379320148262176,0.0033501482621751677
244,10.379345700671482,0.0033757006714818516
245,10.37930469315019,0.0033346931501903043
246,10.379320827647364,0.0033508276473632748
247,10.379288768059793,0.003318768059791921
248,10.37929592693624,0.003325926936240009
249,10.379272645036664,0.003302645036663776
250,10.379271001158482,0.0033010011584817534
251,10.37925578482304,0.00328578482303854
252,10.379247062820962,0.0032770628209615182
253,10.37923820829675,0.003268208296749009
254,10.379223190591611,0.0032531905916108883
255,10.37922007241576,0.0032500724157600303
256,10.379199025351049,0.00322902535104852
257,10.379201686713893,0.003231686713892401
258,10.379175127853447,0.003205127853446399
259,10.379183705324882,0.0032137053248817438
260,10.379151221878928,0.0031812218789273317
261,10.379165476863788,0.0031954768637874054
262,10.37912765464741,0.003157654647409913
263,10.379146754490492,0.0031767544904912626
264,10.379104309035284,0.0031343090352837777
265,10.379127573354646,0.0031575733546453932
266,10.379081008238249,0.0031110082382479476
267,10.379108411536055,0.0031384115360548748
268,10.379058261488254,0.003088261488253252
269,10.379089911475017,0.003119911475016224
270,10.379035298227803,0.0030652982278027707
271,10.379071101757827,0.0031011017578261857
272,10.379012382856345,0.0030423828563446165
273,10.379051919032744,0.00308191903274313
274,10.378990398905913,0.003020398905912103
275,10.379032613221623,0.003062613221622712
276,10.378968910775301,0.0029989107753003452
277,10.379013489506905,0.003043489506904251
278,10.378947169946727,0.0029771699467264767
279,10.378994111651904,0.003024111651903638
280,10.378925268532685,0.00295526853268413
281,10.378974573775468,0.0030045737754669233
282,10.37890368687846,0.00293368687845863
283,10.378955084474644,0.002985084474643074
284,10.378882146532613,0.00291214653261207
285,10.378935322996664,0.002965322996663744
286,10.378861731962264,0.002891731962263222
287,10.378915377661958,0.002945377661957238
288,10.37884212234713,0.0028721223471297463
289,10.37889569412484,0.0029256941248387847
290,10.378824721773084,0.002854721773083213
291,10.37887594856864,0.0029059485686389053
292,10.37880711255834,0.002837112558339072
293,10.378856026295555,0.0028860262955543448
294,10.378789425209359,0.002819425209358073
295,10.378836823925585,0.002866823925584683
296,10.378771704901167,0.0028017049011666018
297,10.378818095667699,0.0028480956676979474
298,10.378753740793888,0.002783740793887546
299,10.378799419096229,0.0028294190962281363
300,10.378736818077167,0.0027668180771662776
301,10.378780853340384,0.0028108533403834457
302,10.378722798362295,0.002752798362294584
303,10.378762205099232,0.002792205099231282
304,10.378708461238908,0.002738461238907419
305,10.378744207729133,0.002774207729132172
306,10.378694233442035,0.0027242334420343184
307,10.378726856842837,0.0027568568428364415
308,10.378680423303232,0.0027104233032311242
309,10.378709532187944,0.0027395321879435386
310,10.378666374786267,0.0026963747862662757
311,10.3786920190158,0.0027220190157990487
312,10.378652462009422,0.002682462009421016
313,10.378674372826154,0.002704372826153545
314,10.378638212244931,0.0026682122449308565
315,10.378657064433817,0.0026870644338163885
316,10.378623643554326,0.002653643554324958
317,10.37864007192539,0.0026700719253902605
318,10.378608894759335,0.0026388947593343204
319,10.378623200725151,0.0026532007251507395
320,10.37859400371465,0.0026240037146489925
321,10.378606446866838,0.002636446866837616
322,10.378578992784432,0.0026089927844310523
323,10.378589644849633,0.0026196448496325075
324,10.378564225532486,0.002594225532485339
325,10.3785727335699,0.0026027335698994847
326,10.37854958758387,0.002579587583868559
327,10.378557039519375,0.0025870395193745566
328,10.378534795972485,0.0025647959724839353
329,10.378543069664271,0.002573069664270733
330,10.37851982472479,0.0025498247247899286
331,10.37852985986972,0.0025598598697200714
332,10.378504655864251,0.0025346558642507233
333,10.378516616298473,0.002546616298472415
334,10.378489486703424,0.0025194867034237234
335,10.378503173775577,0.0025331737755767136
336,10.378474340844695,0.0025043408446947524
337,10.378489869756834,0.0025198697568331596
338,10.378459284296225,0.0024892842962245254
339,10.378476375806905,0.0025063758069041597
340,10.378444337247172,0.0024743372471718317
341,10.37846270404664,0.0024927040466398154
342,10.378429200137882,0.0024592001378813677
343,10.378449320920407,0.0024793209204059252
344,10.378413864585143,0.0024438645851425633
345,10.378436293509615,0.002466293509614914
346,10.378398340406275,0.0024283404062739322
347,10.378423184039548,0.002453184039547196
348,10.378382864014734,0.0024128640147331737
349,10.378410243926826,0.002440243926825403
350,10.378367651849137,0.0023976518491366505
351,10.37839743897674,0.0024274389767402482
352,10.378352565176776,0.0023825651767754863
353,10.378385185751641,0.0024151857516407915
354,10.378337457742102,0.002367457742101564
355,10.378373364205821,0.002403364205820324
356,10.3783222010536,0.0023522010535987903
357,10.378361434803452,0.0023914348034512756
358,10.378306926857382,0.002336926857381627
359,10.378349631640777,0.0023796316407764806
360,10.378291853680741,0.00232185368074056
361,10.378337759194272,0.002367759194271457
362,10.37828068408252,0.002310684082519998
363,10.378325863624465,0.0023558636244640496
364,10.378270140302044,0.0023001403020437294
365,10.37831414204667,0.0023441420466685514
366,10.378259661894193,0.0022896618941921076
367,10.378303246628255,0.00233324662825396
368,10.378249104230118,0.002279104230117568
369,10.378292470717014,0.002322470717013303
370,10.378238456248493,0.0022684562484922566
371,10.378281789168547,0.002311789168546241
372,10.378227670250475,0.0022576702504739643
373,10.378270927819376,0.002300927819375076
374,10.378216770601163,0.0022467706011628508
375,10.378260037969287,0.002290037969286729
376,10.378205856696738,0.002235856696737315
377,10.378249295801892,0.0022792958018911236
378,10.378194814479846,0.0022248144798453495
379,10.378238444837708,0.002268444837707051
380,10.378183644756506,0.0022136447565053174
381,10.378227619058489,0.0022576190584882028
382,10.37817255816151,0.0022025581615086054
383,10.37821686344683,0.0022468634468300053
384,10.378161476685984,0.0021914766859829626
385,10.378205975384207,0.002235975384206057
386,10.378150930966624,0.002180930966623862
387,10.378194999650372,0.002224999650371373
388,10.378140335366442,0.0021703353664417335
389,10.378184054980684,0.0022140549806834997
390,10.378129759264247,0.00215975926424683
391,10.378173060995572,0.0022030609955709934
392,10.378119053783474,0.002149053783472965
393,10.37816224354906,0.002192243549059114
394,10.378108247453786,0.0021382474537858798
395,10.378151632766928,0.0021816327669270663
396,10.378097377218799,0.0021273772187981876
397,10.378141116084032,0.0021711160840318655
398,10.378086382406286,0.002116382406285311
399,10.378130506075859,0.0021605060758584926
400,10.378075479055507,0.0021054790555066205
401,10.378119879014601,0.0021498790146008417
402,10.378064529151159,0.002094529151158042
403,10.378109169074586,0.002139169074585112
404,10.37805349990673,0.0020834999067300686
405,10.37809833795093,0.002128337950930259
406,10.378042766551138,0.002072766551137306
407,10.378087484321972,0.0021174843219711192
408,10.378032193548847,0.0020621935488467358
409,10.3780765253058,0.002106525305800133
410,10.378021557246253,0.0020515572462525
411,10.378065444268255,0.002095444268254809
412,10.37801103160888,0.0020410316088792513
413,10.378054298299471,0.002084298299470433
414,10.378000610027398,0.0020306100273970173
415,10.378043639427975,0.0020736394279747827
416,10.377990068341905,0.0020200683419044907
417,10.378035129302212,0.002065129302211588
418,10.377981905164743,0.0020119051647427
419,10.378026575830814,0.002056575830813756
420,10.377975872818398,0.0020058728183975916
421,10.378017876073056,0.0020478760730551215
422,10.377970235789626,0.002000235789624938
423,10.378009157584257,0.0020391575842566567
424,10.377964749527745,0.001994749527744588
425,10.378000541005894,0.002030541005893838
426,10.37795907079261,0.0019890707926091267
427,10.377992017985315,0.0020220179853147613
428,10.377953263399066,0.0019832633990652937
429,10.377983353293065,0.0020133532930639575
430,10.377947470896403,0.0019774708964028775
431,10.377974808465444,0.002004808465443375
432,10.377941451062084,0.001971451062082963
433,10.377966307675067,0.001996307675065978
434,10.377935202388011,0.0019652023880105673
435,10.377957828447828,0.001987828447827411
436,10.377928776489943,0.001958776489942693
437,10.377949186800038,0.0019791868000371693
438,10.377922418664452,0.0019524186644517272
439,10.377940395177257,0.001970395177256279
440,10.377916114636909,0.0019461146369081916
441,10.377931737491728,0.0019617374917277886
442,10.377909609499708,0.0019396094997077284
443,10.377923200808354,0.0019532008083533725
444,10.377903196837593,0.0019331968375926323
445,10.377914904649378,0.0019449046493775768
446,10.377897159637985,0.0019271596379848432
447,10.377906645523305,0.0019366455233047475
448,10.37789092808171,0.0019209280817094054
449,10.377898280903487,0.0019282809034866233
450,10.377884584496377,0.0019145844963759373
451,10.37788978146796,0.0019197814679596803
452,10.377878252227855,0.0019082522278548453
453,10.377881263694396,0.0019112636943958705
454,10.377871785089642,0.00190178508964145
455,10.377872916339696,0.0019029163396950821
456,10.377865436844605,0.001895436844604248
457,10.377864583536894,0.0018945835368935349
458,10.377858974202722,0.001888974202721272
459,10.377856393536142,0.0018863935361412842
460,10.377852468487974,0.0018824684879739095
461,10.377848070537402,0.0018780705374012996
462,10.377845840160521,0.0018758401605207808
463,10.377839612891588,0.00186961289158738
464,10.377839191247524,0.001869191247523716
465,10.377831145959291,0.0018611459592907664
466,10.377832590459755,0.0018625904597548981
467,10.377822574090489,0.0018525740904884458
468,10.37782594719767,0.0018559471976686837
469,10.377814005611455,0.001844005611454591
470,10.377819159897895,0.001849159897894026
471,10.37780545121427,0.0018354512142693125
472,10.377812342352739,0.0018423423527380578
473,10.377796881635271,0.0018268816352708939
474,10.377805646256535,0.001835646256534318
475,10.377788333162103,0.0018183331621024479
476,10.377799058750874,0.001829058750873358
477,10.37777974026379,0.0018097402637895499
478,10.37779236991858,0.0018223699185799802
479,10.37777113498293,0.0018011349829301082
480,10.377785638262969,0.0018156382629683776
481,10.377762542772798,0.0017925427727973897
482,10.377778890818249,0.0018088908182480878
483,10.377753982080531,0.001783982080530322
484,10.377772061441114,0.0018020614411131675
485,10.37774542454153,0.0017754245415293468
486,10.377765221129176,0.001795221129174962
487,10.377736928940758,0.0017669289407571398
488,10.377758334610515,0.0017883346105147524
489,10.377728328917277,0.0017583289172762306
490,10.377751757576153,0.0017817575761522875
491,10.37772027349723,0.0017502734972296707
492,10.377745236388247,0.0017752363882461708
493,10.377712281146541,0.0017422811465408472
494,10.37773867719404,0.001768677194039725
495,10.37770578143238,0.001735781432380179
496,10.37773228586793,0.0017622858679295916
497,10.3776994429444,0.0017294429443985848
498,10.37772593331472,0.001755933314719016
499,10.377692969854575,0.0017229698545744299
500,10.377719585822712,0.0017495858227114525
501,10.377686387455089,0.0017163874550885083
502,10.377713155263656,0.001743155263655538
503,10.37767978061817,0.0017097806181691766
504,10.377706954564387,0.0017369545643859396
505,10.377673153215888,0.0017031532158870988
506,10.377700752035182,0.0017307520351810268
507,10.377666863783757,0.0016968637837564415
508,10.37769457202821,0.0017245720282090815
509,10.377661032327017,0.0016910323270167282
510,10.377688463427068,0.001718463427067718
511,10.377655146327708,0.001685146327707443
512,10.377682285845001,0.001712285845000494
513,10.377649262489824,0.0016792624898229747
514,10.377676008706551,0.001706008706550577
515,10.377643238643143,0.001673238643142838
516,10.377669658812026,0.0016996588120257172
517,10.37763716935987,0.001667169359869547
518,10.377663302019757,0.0016933020197562598
519,10.377630979374143,0.001660979374142002
520,10.37765708060793,0.0016870806079296585
521,10.37762468015299,0.0016546801529901956
522,10.377650853065576,0.0016808530655758602
523,10.37761868358975,0.0016486835897495666
524,10.377644707118987,0.0016747071189868734
525,10.377612734659033,0.0016427346590326408
526,10.377638517049277,0.0016685170492767298
527,10.377606658321175,0.0016366583211748775
528,10.377632271565618,0.0016622715656176013
529,10.37760076739904,0.0016307673990390015
530,10.377626049490953,0.0016560494909523271
531,10.377595007666992,0.0016250076669912517
532,10.377619743956302,0.0016497439563014638
533,10.377589169754746,0.0016191697547451867
534,10.37761339899496,0.0016433989949593553
535,10.377583340784518,0.0016133407845178027
536,10.377607138442785,0.0016371384427849023
537,10.37757739920634,0.0016073992063390108
538,10.377601746462396,0.0016317464623956113
539,10.377571344392766,0.0016013443927658244
540,10.377596555196469,0.00162655519646826
541,10.377565253983873,0.001595253983872169
542,10.377591450298926,0.0016214502989253532
543,10.377559103703625,0.001589103703624417
544,10.377586275701246,0.001616275701245229
545,10.377552904203185,0.0015829042031842988
546,10.37758104207451,0.0016110420745096832
547,10.377546813043297,0.0015768130432967098
548,10.3775757873016,0.0016057873015995483
549,10.377540740970916,0.0015707409709158071
550,10.377570451425212,0.001600451425211702
551,10.377534704771445,0.0015647047714448803
552,10.377565042580008,0.0015950425800070889
553,10.377528675929726,0.0015586759297256947
554,10.37755971329671,0.0015897132967097605
555,10.377522844559808,0.0015528445598071983
556,10.377554370655877,0.00158437065587691
557,10.377516976221976,0.0015469762219755268
558,10.377549014277841,0.0015790142778406846
559,10.377511036051699,0.0015410360516980859
560,10.3775435767316,0.0015735767315998572
561,10.37750514255905,0.0015351425590495182
562,10.377538119909081,0.0015681199090806786
563,10.377499472159242,0.001529472159241152
564,10.377532885747323,0.00156288574732244
565,10.377494025798889,0.0015240257988882178
566,10.377527715397807,0.0015577153978068026
567,10.377490150720998,0.0015201507209976484
568,10.37752256042478,0.0015525604247788038
569,10.377486148034997,0.001516148034996334
570,10.377517428065989,0.0015474280659883988
571,10.377482011695678,0.0015120116956772733
572,10.377512227809202,0.0015422278092014352
573,10.377477772145983,0.0015077721459828552
574,10.377506984010669,0.001536984010668263
575,10.37747355983174,0.0015035598317396648
576,10.377501696949173,0.001531696949172101
577,10.377469298849626,0.0014992988496249637
578,10.377496385638084,0.001526385638083383
579,10.377465052876268,0.0014950528762671667
580,10.377491088125987,0.0015210881259868358
581,10.377460688617177,0.0014906886171761613
582,10.377485848858791,0.001515848858790747
583,10.377456246725362,0.001486246725361795
584,10.377480569995674,0.0015105699956734497
585,10.377451718036697,0.001481718036696833
586,10.37747537744039,0.0015053774403899212
587,10.377447184824266,0.0014771848242656205
588,10.377470292597076,0.0015002925970755143
589,10.37744269639481,0.001472696394809958
590,10.37746514366025,0.0014951436602501644
591,10.377438181460489,0.001468181460488438
592,10.377460022939625,0.0014900229396239695
593,10.377433603316076,0.0014636033160755346
594,10.377454905357927,0.0014849053579268912
595,10.377428927118757,0.0014589271187563924
596,10.377449748250411,0.0014797482504107506
597,10.377424314465491,0.0014543144654908247
598,10.377444568915955,0.0014745689159543218
599,10.377419768127261,0.0014497681272604979
600,10.3774393831695,0.0014693831694998494
601,10.377415175478212,0.0014451754782118797
602,10.37743419083176,0.0014641908317596375
603,10.377410499787906,0.0014404997879058357
604,10.377429715447926,0.001459715447925447
605,10.37740580504473,0.0014358050447302872
606,10.377425395162133,0.0014553951621323336
607,10.377401104274028,0.0014311042740278168
608,10.377421075325973,0.0014510753259724396
609,10.37739633735297,0.0014263373529690426
610,10.37741668326067,0.0014466832606689906
611,10.377391567646924,0.0014215676469238048
612,10.377412221500194,0.0014422215001932415
613,10.377386822449058,0.0014168224490571646
614,10.377407729558964,0.0014377295589635963
615,10.377382021041953,0.0014120210419523715
616,10.377403213644337,0.0014332136443364618
617,10.377377213346044,0.0014072133460434344
618,10.377398673528193,0.0014286735281920926
619,10.377372332305537,0.0014023323055365466
620,10.377394318297021,0.0014243182970208323
621,10.377367468843643,0.0013974688436420024
622,10.377390076776129,0.0014200767761280986
623,10.377362636405488,0.0013926364054874796
624,10.377385859712799,0.0014158597127984507
625,10.377357738594338,0.0013877385943370513
626,10.377381777297984,0.0014117772979833632
627,10.377352805490029,0.0013828054900280051
628,10.377377740358165,0.0014077403581644887
629,10.377347843650405,0.0013778436504043867
630,10.377373695282898,0.0014036952828977434
631,10.377342830131683,0.0013728301316824343
632,10.377369603949786,0.001399603949785444
633,10.377338730864823,0.001368730864822254
634,10.37736544193393,0.0013954419339299307
635,10.377335237516629,0.0013652375166284259
636,10.377361256801427,0.001391256801426266
637,10.377331675602047,0.0013616756020464749
638,10.377357184827284,0.0013871848272835052
639,10.377328426976419,0.0013584269764184143
640,10.377353763401679,0.0013837634016784506
641,10.37732525748783,0.0013552574878286094
642,10.377350291106143,0.0013802911061429057
643,10.37732210971634,0.001352109716339811
644,10.3773467217601,0.0013767217600992865
645,10.377318987794128,0.0013489877941275097
646,10.377343080685405,0.0013730806854042044
647,10.377315867057295,0.0013458670572941145
648,10.377339439999316,0.0013694399993156026
649,10.377312684337337,0.0013426843373363084
650,10.377335853457769,0.0013658534577682957
651,10.377309413825744,0.0013394138257432076
652,10.377332328072029,0.001362328072028518
653,10.377306072716925,0.0013360727169242637
654,10.377328781152203,0.0013587811522022264
655,10.377302755578226,0.0013327555782254308
656,10.37732517869626,0.0013551786962597845
657,10.377299780666862,0.001329780666861069
658,10.37732152791822,0.0013515279182190199
659,10.377296835830704,0.0013268358307030326
660,10.377317844901706,0.001347844901705031
661,10.37729392988335,0.0013239298833500612
662,10.377314090581397,0.0013440905813961734
663,10.377291041336893,0.001321041336892037
664,10.377310250521019,0.0013402505210180493
665,10.377288067965189,0.0013180679651885185
666,10.377306359934504,0.0013363599345037613
667,10.377285047486188,0.0013150474861873818
668,10.377302510461389,0.001332510461388381
669,10.377281984486304,0.0013119844863034302
670,10.377298688133049,0.001328688133048317
671,10.377278842615372,0.0013088426153711197
672,10.377294835696668,0.0013248356966677477
673,10.37727564782127,0.0013056478212689626
674,10.377290940832776,0.0013209408327750083
675,10.377272404421808,0.0013024044218070685
676,10.377287014377,0.0013170143769993814
677,10.377269305621667,0.0012993056216661358
678,10.377283035351702,0.0013130353517016857
679,10.377266201135834,0.0012962011358332859
680,10.377278990186088,0.0013089901860876552
681,10.377263099584232,0.0012930995842310722
682,10.377274869601873,0.0013048696018724826
683,10.377259937628082,0.0012899376280817165
684,10.37727073351315,0.0013007335131494102
685,10.377256719653921,0.0012867196539207981
686,10.377266680683348,0.0012966806833478728
687,10.377253453999465,0.0012834539994646121
688,10.377262566349778,0.0012925663497771467
689,10.3772503792546,0.0012803792545987847
690,10.377258411882073,0.0012884118820721824
691,10.377247613114708,0.001277613114707421
692,10.377254237470414,0.0012842374704131743
693,10.37724488218868,0.0012748821886798822
694,10.377249996816854,0.0012799968168533127
695,10.37724218007923,0.001272180079229912
696,10.377245705574529,0.0012757055745282742
697,10.377239428431565,0.0012694284315646343
698,10.377241380317722,0.0012713803177213379
699,10.377236603352685,0.00126660335268447
700,10.37723712665653,0.0012671266565291717
701,10.377233741914015,0.0012637419140144601
702,10.377232918423626,0.0012629184236256918
703,10.37723103804064,0.0012610380406385957
704,10.377228706477643,0.0012587064776425905
705,10.377228493879047,0.0012584938790460853
706,10.377224612493736,0.0012546124937351522
707,10.377226011610503,0.0012560116105024832
708,10.377220455241318,0.0012504552413172831
709,10.37722350411181,0.0012535041118102441
710,10.377216235000153,0.0012462350001527511
711,10.377220944833493,0.0012509448334920847
712,10.3772119878022,0.001241987802199418
713,10.377218317436885,0.0012483174368842498
714,10.377207858084159,0.0012378580841581055
715,10.377215667980279,0.0012456679802781423
716,10.377203932292598,0.001233932292597828
717,10.377212980187865,0.0012429801878646174
718,10.377199982985118,0.0012299829851176725
719,10.377210304972854,0.0012403049728533233
720,10.37719597260847,0.0012259726084700162
721,10.37720762600595,0.0012376260059490107
722,10.377191925990147,0.0012219259901460333
723,10.377204892525022,0.0012348925250211806
724,10.37718784267414,0.0012178426741389359
725,10.37720212345548,0.0012321234554786287
726,10.377183795344484,0.0012137953444835148
727,10.377199355237014,0.0012293552370135075
728,10.377179973716482,0.0012099737164810165
729,10.377196579669587,0.0012265796695860587
730,10.377176781328933,0.0012067813289320384
731,10.377193756275798,0.0012237562757970721
732,10.37717352368635,0.0012035236863496834
733,10.377190926652732,0.0012209266527314355
734,10.377170329760446,0.0012003297604454843
735,10.377188070276134,0.0012180702761330764
736,10.377167103720895,0.0011971037208944324
737,10.377185226076717,0.0012152260767166467
738,10.377163849062939,0.0011938490629379572
739,10.377182322068343,0.0012123220683424307
740,10.37716055653358,0.0011905565335794677
741,10.377179363962613,0.0012093639626122865
742,10.377157243397189,0.0011872433971884533
743,10.377176394995681,0.0012063949956804265
744,10.377153911646491,0.0011839116464908983
745,10.377173467846404,0.001203467846403683
746,10.377150513103274,0.001180513103273384
747,10.377170511009933,0.0012005110099320149
748,10.377147094432384,0.001177094432383896
749,10.377167499836554,0.001197499836553817
750,10.377143667980361,0.0011736679803604488
751,10.377164480635818,0.0011944806358172855
752,10.377140294337648,0.0011702943376477037
753,10.377161443799132,0.0011914437991311644
754,10.37713697506508,0.0011669750650789013
755,10.37715837221132,0.0011883722113186224
756,10.377133663007204,0.001163663007202942
757,10.377155370955078,0.001185370955077758
758,10.377130384387153,0.001160384387151936
759,10.377152396042769,0.0011823960427683744
760,10.377127204186776,0.0011572041867751182
761,10.377149412156502,0.0011794121565014137
762,10.377124052003559,0.0011540520035584478
763,10.377146398102584,0.001176398102582965
764,10.37712084824752,0.0011508482475193205
765,10.377143359164078,0.0011733591640776808
766,10.377117619885464,0.0011476198854634134
767,10.37714040307308,0.0011704030730790294
768,10.37711460759505,0.0011446075950498624
769,10.37713747852518,0.0011674785251791775
770,10.377111648088647,0.0011416480886463631
771,10.3771345593092,0.0011645593091991202
772,10.377108712366097,0.001138712366095973
773,10.3771316267664,0.0011616267664003033
774,10.377105804288341,0.0011358042883404806
775,10.377128669906549,0.0011586699065482264
776,10.377103066629926,0.0011330666299258496
777,10.37712566959751,0.0011556695975087905
778,10.377100323184582,0.0011303231845811723
779,10.37712264473537,0.0011526447353702451
780,10.377097520110473,0.0011275201104723465
781,10.37711960210674,0.0011496021067394224
782,10.377094696000691,0.0011246960006907614
783,10.377116518109407,0.0011465181094063581
784,10.377091848939724,0.0011218489397233355
785,10.37711346303303,0.0011434630330295903
786,10.377088946745847,0.0011189467458461166
787,10.377110419877473,0.0011404198774727092
788,10.37708602579065,0.0011160257906492888
789,10.3771078004643,0.0011378004642992323
790,10.377083049987958,0.0011130499879570266
791,10.377105338114855,0.0011353381148548891
792,10.377080019933015,0.0011100199330140725
793,10.377103029515679,0.0011330295156781744
794,10.377076959219503,0.0011069592195021016
795,10.37710069391498,0.0011306939149786643
796,10.377073948897651,0.0011039488976507528
797,10.377098300433131,0.0011283004331303914
798,10.377070940477724,0.0011009404777233556
799,10.377095862760152,0.0011258627601513638
800,10.377068008410447,0.0010980084104463828
801,10.37709339732049,0.0011233973204891612
802,10.37706516535008,0.0010951653500796965
803,10.377090884305153,0.0011208843051520034
804,10.377062305801175,0.0010923058011744757
805,10.377088371909222,0.0011183719092215938
806,10.37705943781486,0.0010894378148602613
807,10.37708585629298,0.0011158562929800553
808,10.377056543888864,0.0010865438888636447
809,10.377083341267006,0.0011133412670059073
810,10.377053684125617,0.0010836841256161023
811,10.377080807584374,0.001110807584373319
812,10.377051569753341,0.0010815697533406166
813,10.377078295611156,0.001108295611155441
814,10.377049486596928,0.0010794865969270262
815,10.377075771306494,0.0011057713064932528
816,10.3770474314946,0.001077431494598713
817,10.377073285532129,0.0011032855321282398
818,10.377045320411845,0.0010753204118447712
819,10.37707085382042,0.0011008538204198004
820,10.377043213976831,0.0010732139768308002
821,10.377068399890833,0.001098399890832269
822,10.377041069082594,0.0010710690825934677
823,10.377065977511611,0.001095977511610613
824,10.3770388720136,0.0010688720135991758
825,10.37706354312585,0.0010935431258491946
826,10.37703663860565,0.0010666386056499277
827,10.3770610853968,0.0010910853967995848
828,10.37703452024502,0.0010645202450199065
829,10.377058609548735,0.001088609548734354
830,10.37703239422281,0.0010623942228100702
831,10.377056203366452,0.001086203366451599
832,10.377030268423782,0.0010602684237817073
833,10.377053772803125,0.0010837728031241056
834,10.37702810837638,0.0010581083763785415
835,10.377051301790175,0.0010813017901742938
836,10.377025931504562,0.0010559315045615136
837,10.37704880042491,0.0010788004249100425
838,10.377023718531149,0.0010537185311481068
839,10.377046315003852,0.0010763150038517466
840,10.37702145365932,0.001051453659320245
841,10.377043817277125,0.0010738172771240784
842,10.37701915655292,0.0010491565529200386
843,10.377041307092753,0.0010713070927526047
844,10.377016831958302,0.0010468319583019081
845,10.377038762718383,0.001068762718382743
846,10.377014531676128,0.0010445316761273915
847,10.377036203004028,0.0010662030040275994
848,10.377012199613587,0.0010421996135860923
849,10.377033608662668,0.0010636086626671926
850,10.377009895089806,0.0010398950898053982
851,10.377030970302796,0.0010609703027952833
852,10.377007584390293,0.0010375843902927784
853,10.377028336880928,0.0010583368809271576
854,10.377005237123424,0.0010352371234230162
855,10.377025715738446,0.0010557157384454285
856,10.37700284706731,0.0010328470673091061
857,10.377023057810419,0.001053057810418423
858,10.377000435454544,0.0010304354545436212
859,10.377020412749797,0.0010504127497963367
860,10.376998038638789,0.0010280386387879759
861,10.377017750845551,0.0010477508455508655
862,10.37699566705115,0.0010256670511488153
863,10.37701516894621,0.0010451689462094294
864,10.376993267908187,0.0010232679081862983
865,10.377012604626703,0.0010426046267024702
866,10.376990864136667,0.0010208641366666882
867,10.37701006685648,0.0010400668564791715
868,10.376988441585588,0.001018441585587837
869,10.377007528303672,0.001037528303671209
870,10.376986003339232,0.0010160033392310197
871,10.377005032264474,0.0010350322644736565
872,10.376983715459817,0.0010137154598162113
873,10.37700249673869,0.0010324967386896589
874,10.376981448677567,0.0010114486775663067
875,10.376999923687336,0.0010299236873354545
876,10.376979192470664,0.0010091924706632227
877,10.376997345276664,0.0010273452766629276
878,10.376976917891184,0.0010069178911837895
879,10.376994767244009,0.001024767244008018
880,10.376974637142757,0.0010046371427563372
881,10.376992262734731,0.0010222627347307167
882,10.376972346796926,0.0010023467969251243
883,10.376989922252793,0.0010199222527926821
884,10.376970058470414,0.0010000584704137339
885,10.376987593837775,0.0010175938377745553
886,10.376967819907035,0.000997819907034625
887,10.376985248406074,0.0010152484060732547
888,10.37696618928375,0.0009961892837502262
889,10.37698291133476,0.0010129113347598917
890,10.376964766480866,0.0009947664808649392
891,10.376980601142726,0.0010106011427257755
892,10.376963302842507,0.000993302842505983
893,10.376978286866295,0.0010082868662948385
894,10.376961786380624,0.0009917863806236937
895,10.376975963833734,0.0010059638337338583
896,10.376960232967441,0.0009902329674407184
897,10.376973682097557,0.00100368209755608
898,10.376958665811143,0.0009886658111426527
899,10.376971470481228,0.0010014704812277841
900,10.37695708254122,0.000987082541218598
901,10.376969283657369,0.0009992836573680108
902,10.376955508328521,0.0009855083285206234
903,10.376967473550685,0.000997473550684802
904,10.376953958079476,0.0009839580794750447
905,10.376965630066637,0.0009956300666367213
906,10.376952380162882,0.0009823801628812134
907,10.376963804047215,0.000993804047213942
908,10.376950776933185,0.0009807769331846572
909,10.376961955293067,0.0009919552930668374
910,10.376949129934296,0.0009791299342953863
911,10.376960105560608,0.0009901055606071907
912,10.3769474852829,0.0009774852828989822
913,10.376958223916544,0.000988223916543518
914,10.376945817370071,0.0009758173700706863
915,10.376956305799558,0.0009863057995573854
916,10.376944127708434,0.0009741277084334143
917,10.376954384774352,0.0009843847743518097
918,10.376942398848811,0.0009723988488108404
919,10.376952441148031,0.0009824411480305884
920,10.376940622482124,0.0009706224821233178
921,10.376950525210631,0.000980525210630745
922,10.376938860798775,0.0009688607987747844
923,10.376948605740717,0.0009786057407161763
924,10.376937105825705,0.000967105825704806
925,10.376946651810096,0.0009766518100953192
926,10.376935326745354,0.0009653267453533232
927,10.376944698427197,0.0009746984271963299
928,10.3769335350112,0.0009635350112002783
929,10.376942744690913,0.0009727446909124637
930,10.37693170822737,0.0009617082273702948
931,10.37694078347089,0.0009707834708887475
932,10.376929838806904,0.0009598388069029795
933,10.376938791905864,0.0009687919058638528
934,10.376928099039555,0.0009580990395541278
935,10.37693677393857,0.0009667739385701424
936,10.376926556435656,0.0009565564356552869
937,10.376934725392013,0.0009647253920128662
938,10.376925026194801,0.000955026194800368
939,10.376932666848798,0.0009626668487978662
940,10.37692346928276,0.0009534692827593005
941,10.376930583363336,0.0009605833633354877
942,10.376921924729007,0.0009519247290068478
943,10.37692847701884,0.0009584770188393321
944,10.376920381106649,0.0009503811066480239
945,10.376926331475307,0.0009563314753062713
946,10.376918819243949,0.0009488192439484067
947,10.37692419161992,0.0009541916199200529
948,10.3769172166798,0.0009472166797994674
949,10.37692203698826,0.0009520369882594082
950,10.376915594991456,0.0009455949914549677
951,10.376919975729502,0.0009499757295010625
952,10.376913931426088,0.0009439314260877296
953,10.37691799059229,0.0009479905922891163
954,10.376912383163528,0.0009423831635277935
955,10.376915983708487,0.0009459837084868639
956,10.376910855083953,0.0009408550839520302
957,10.376913955270206,0.000943955270205521
958,10.376909348513895,0.0009393485138939894
959,10.376911887403223,0.000941887403222097
960,10.376907835170028,0.0009378351700277676
961,10.376909807736194,0.0009398077361932877
962,10.376906290862136,0.0009362908621355359
963,10.376907711390132,0.0009377113901312129
964,10.376904724476365,0.0009347244763642237
965,10.37690559365339,0.000935593653389688
966,10.376903143207633,0.0009331432076322699
967,10.376903478347575,0.0009334783475747344
968,10.376901535685308,0.0009315356853072387
969,10.37690135233487,0.0009313523348701835
970,10.376899942166704,0.0009299421667030572
971,10.376899211406187,0.0009292114061860701
972,10.376898335909802,0.0009283359098013477
973,10.376897057186182,0.0009270571861819121
974,10.3768967058934,0.000926705893398605
975,10.376894909803589,0.0009249098035883918
976,10.37689510760002,0.0009251076000200698
977,10.376892810037075,0.0009228100370748393
978,10.376893529017844,0.0009235290178430944
979,10.376890681417436,0.0009206814174351763
980,10.376891934573083,0.0009219345730819839
981,10.376888530057386,0.0009185300573850697
982,10.376890321677317,0.0009203216773165934
983,10.376886398724036,0.0009163987240352611
984,10.376888717879563,0.0009187178795624362
985,10.37688427696057,0.000914276960569893
986,10.376887093502853,0.0009170935028528504
987,10.376882136641033,0.0009121366410322906
988,10.376885460898349,0.0009154608983479307
989,10.376879978042995,0.0009099780429941973
990,10.37688382146464,0.0009138214646391418
991,10.376877798507017,0.0009077985070167216
992,10.376882176719736,0.0009121767197353137
993,10.376875601196167,0.000905601196166117
994,10.376880519513993,0.0009105195139920141
995,10.376873397343234,0.0009033973432330811
996,10.376878865233945,0.0009088652339439562
997,10.376871160166173,0.0009011601661725877
998,10.376877225231302,0.0009072252313018225
999,10.376868903532232,0.0008989035322315431
1000,10.376875673255894,0.0009056732558931913
