num_steps,LR,lambda,error_LR
50,5.76387949017607,0.36804745099710967,0.09277435587606941
60,5.678316477008989,0.4959155386322278,0.007211342708989044
70,5.603877381866308,0.6132116467466117,-0.06722775243369217
80,5.53869436893291,0.7221879044181594,-0.13241076536709073
90,5.481153938871924,0.8243958152092687,-0.18995119542807615
100,5.429948572157782,0.9209577709237188,-0.24115656214221826
110,5.879734106949585,0.01311083390330088,0.2086289726495849
120,5.840033757716249,0.10286474824772833,0.1689286234162486
130,5.802560077154025,0.18872987608305336,0.13145494285402481
140,5.767189270818456,0.2711705124761868,0.09608413651845549
150,5.733783457690475,0.35056550817290083,0.06267832339047441
160,5.702202844982782,0.42722874810963685,0.031097710682781887
170,5.672312164664763,0.5014237301113841,0.0012070303647631064
180,5.643983876316615,0.5733741944902108,-0.02712125798338505
190,5.617099542729382,0.643272036856866,-0.05400559157061835
200,5.591550181016882,0.7112833065622711,-0.07955495328311812
210,5.567236052773896,0.7775528276352127,-0.10386908152610452
220,5.544066162512153,0.8422078098358939,-0.1270389717878473
230,5.521957620761409,0.905360706880977,-0.14914751353859135
240,5.500834961780774,0.9671115051804957,-0.17027017251922594
250,5.8139769516494715,0.02803963438172049,0.1428718173494712
260,5.7951589061199344,0.08822749602654645,0.12405377181993416
270,5.776904539614321,0.14719950378210803,0.10579940531432097
280,5.7591922583891275,0.20502632626008183,0.08808712408912722
290,5.742000710371378,0.2617720548846699,0.07089557607137742
300,5.725308989996511,0.31749502864274076,0.05420385569651032
310,5.709096778206438,0.37224853069870206,0.03799164390643739
320,5.6933444344739605,0.4260813803201889,0.022239300173960252
330,5.678033053392599,0.47903843872652135,0.0069279190925986
340,5.6631444952241115,0.5311610435980585,-0.007960639075888842
350,5.648661397370878,0.582487384211631,-0.02244373692912216
360,5.634567171939144,0.6330528268612138,-0.036537962360855936
370,5.62084599348313,0.6828901982409322,-0.05025914081687066
380,5.607482779760826,0.7320300333298438,-0.06362235453917453
390,5.594463167775474,0.7805007931118498,-0.0766419665245266
400,5.58177348673645,0.8283290563067544,-0.08933164756354994
410,5.569400729175236,0.8755396890505135,-0.10170440512476464
420,5.5573325211636,0.9221559953263886,-0.1137726131364003
430,5.54555709227302,0.96819985088561,-0.12554804202698033
440,5.7846587897964135,0.013876119602997559,0.11355365549641316
450,5.7737005711136735,0.05940532141922303,0.10259543681367322
460,5.762942242118971,0.10440130523130955,0.09183710781897059
470,5.752378832907494,0.14888233657414066,0.081273698607494
480,5.742005452078615,0.19286566357701787,0.07090031777861494
490,5.731817297314421,0.23636759443499913,0.060712163014420284
500,5.721809663506198,0.27940356741304956,0.05070452920619761
510,5.711977948793018,0.32198821439526837,0.04087281449301727
520,5.7023176589615305,0.36413541852080333,0.03121252466153024
530,5.692824410410241,0.4058583666640127,0.021719276110240493
540,5.683493931939652,0.44716959732083633,0.012388797639651727
550,5.674322065649687,0.48808104419618753,0.0032169313496863694
560,5.66530476698649,0.5286040763267056,-0.00580036731351008
570,5.656438104175437,0.5687495347783307,-0.014667030124563496
580,5.647718257187324,0.6085277661182877,-0.023386877112676174
590,5.639141516164486,0.6479486535639528,-0.031963618135514515
600,5.630704279711047,0.687021645368819,-0.04040085458895337
610,5.622403052654008,0.7257557811870063,-0.048702081645992656
620,5.614234443900103,0.7641597163514832,-0.05687069039989723
630,5.606195163882143,0.8022417443250489,-0.06490997041785729
640,5.598282022071989,0.8400098175118169,-0.07282311222801141
650,5.590491924351873,0.877471566588788,-0.08061320994812693
660,5.582821870329483,0.914634318328611,-0.08828326397051711
670,5.575268950599254,0.9515051124049653,-0.09583618370074642
680,5.5678303441594466,0.9880907166953417,-0.10327479014055374
690,5.761282029491537,0.024652186197642784,0.09017689519153649
700,5.754197435848969,0.06105199546170655,0.08309230154896863
710,5.747198945949446,0.0971775620898099,0.07609381164944562
720,5.740285079210458,0.1330349798061394,0.06917994491045754
730,5.733454375754916,0.16863012037837166,0.06234924145491583
740,5.72670539730701,0.2039686448270849,0.05560026300701004
750,5.720036727802735,0.23905601371767934,0.04893159350273457
760,5.713446973967747,0.2738974971502573,0.042341839667746406
770,5.706934765715209,0.30849818372680077,0.035829631415208674
780,5.700498756435928,0.3428629891814926,0.029393622135927444
790,5.6941376231927,0.3769966646373202,0.023032488892699376
800,5.687850066848901,0.4109038040092862,0.016744932548900415
810,5.681634812044601,0.4445888513240286,0.010529677744600896
820,5.6754906072150835,0.4780561074257282,0.004385472915083177
830,5.6694162245001385,0.5113097363063142,-0.0016889097998618041
840,5.663410459579497,0.544353771122543,-0.007694674720503336
850,5.657472131541052,0.5771921199172686,-0.013633002758948187
860,5.651600082501754,0.6098285709880634,-0.019505051798246242
870,5.64579317758942,0.6422667978709414,-0.025311956710580397
880,5.640050304507859,0.6745103641915683,-0.031054829792140914
890,5.6343703732437955,0.70656272826794,-0.03673476105620477
900,5.6287523158036565,0.7384272472302994,-0.04235281849634376
910,5.623195085809825,0.7701071814402282,-0.04791004849017533
920,5.617697658271702,0.8016056978724414,-0.05340747602829854
930,5.612259029003616,0.8329258743233409,-0.05884610529638401
940,5.606878214511156,0.8640707024954488,-0.06422691978884387
950,5.601554251443243,0.8950430914944245,-0.06955088285675703
960,5.596286196268773,0.9258458709728542,-0.07481893803122741
970,5.591073124893261,0.9564817941884037,-0.08003200940673949
980,5.585914132268244,0.9869535407083351,-0.08519100203175611
990,5.7482138059403365,0.017413940221655582,0.07710867164033619
1000,5.74324164877115,0.047821177955043474,0.07213651447114966
