num_steps,LR,error_LR
51,10.37453005098714,-0.0014399490128607084
53,10.374634421076083,-0.0013355789239177795
55,10.374720055679472,-0.0012499443205289396
57,10.37478174642302,-0.0011882535769807134
59,10.374721370343167,-0.0012486296568336996
61,10.374793662957574,-0.0011763370424269226
63,10.374875720437084,-0.0010942795629169666
65,10.374955235061078,-0.0010147649389224966
67,10.375054013838852,-0.0009159861611482967
69,10.375134672663023,-0.0008353273369774428
71,10.375137401333932,-0.0008325986660686624
73,10.375150843900991,-0.0008191560990091773
75,10.37517929408065,-0.0007907059193499322
77,10.375206611402634,-0.0007633885973667986
79,10.375245416476579,-0.0007245835234215292
81,10.375268640979249,-0.0007013590207520792
83,10.375300374444633,-0.0006696255553677588
85,10.37533679993027,-0.000633200069730222
87,10.37532444541178,-0.0006455545882211311
89,10.375320245056255,-0.0006497549437458616
91,10.375332949929243,-0.0006370500707575388
93,10.375350245222029,-0.000619754777972048
95,10.37536507552367,-0.0006049244763310924
97,10.375395382021287,-0.0005746179787138317
99,10.375430763456789,-0.0005392365432115298
101,10.375465002317114,-0.0005049976828868097
103,10.375472911225362,-0.0004970887746384989
105,10.375483743667292,-0.0004862563327083791
107,10.375490890497455,-0.0004791095025460379
109,10.375501214981224,-0.000468785018776785
111,10.375499254619871,-0.000470745380129145
113,10.375522846696411,-0.00044715330358968686
115,10.375541696935294,-0.00042830306470698076
117,10.375539990996648,-0.0004300090033524384
119,10.375551750963032,-0.000418249036968632
121,10.375546304570594,-0.0004236954294061235
123,10.375548370230433,-0.00042162976956738873
125,10.375551231380307,-0.0004187686196939211
127,10.375559560679017,-0.00041043932098361324
129,10.3755659591845,-0.00040404081549993975
131,10.375572683725714,-0.0003973162742862968
133,10.375580714350304,-0.0003892856496960917
135,10.375582383772397,-0.00038761622760397074
137,10.375589090823386,-0.0003809091766147077
139,10.375588540515954,-0.00038145948404633145
141,10.37558746272383,-0.00038253727617032496
143,10.375590591088743,-0.00037940891125742837
145,10.375595017254351,-0.0003749827456491772
147,10.375593364947195,-0.00037663505280605136
149,10.375593126416481,-0.00037687358351945477
151,10.375595718597687,-0.0003742814023137697
153,10.375608506377457,-0.00036149362254356276
155,10.375618866185212,-0.00035113381478879546
157,10.375621457892208,-0.00034854210779222683
159,10.375627958622303,-0.00034204137769755505
161,10.375628858243324,-0.00034114175667632196
163,10.375628305072858,-0.00034169492714219984
165,10.375627543147694,-0.00034245685230693823
167,10.375636619367073,-0.0003333806329273159
169,10.375638492928239,-0.0003315070717615498
171,10.375645755949831,-0.0003242440501693977
173,10.375652451805667,-0.00031754819433338355
175,10.37565412710447,-0.00031587289553058895
177,10.375657075594484,-0.000312924405516668
179,10.375659100219575,-0.00031089978042508903
181,10.375665090454602,-0.00030490954539885706
183,10.375668976636756,-0.00030102336324411283
185,10.375670170078557,-0.0002998299214436173
187,10.375677065484917,-0.0002929345150839424
189,10.375684540933605,-0.0002854590663954326
191,10.375691396750389,-0.0002786032496118196
193,10.375696942755573,-0.0002730572444278323
195,10.375699485746166,-0.00027051425383461947
197,10.375700894065282,-0.00026910593471818345
199,10.375703387174429,-0.00026661282557149946
201,10.375707965068132,-0.0002620349318682713
203,10.375709520391233,-0.00026047960876773857
205,10.375712608382706,-0.0002573916172945445
207,10.375717702013128,-0.0002522979868722075
209,10.375721837521068,-0.0002481624789325565
211,10.375726203857177,-0.00024379614282388218
213,10.37572997735133,-0.00024002264867029055
215,10.37573359460816,-0.00023640539184022202
217,10.375736472255586,-0.00023352774441498525
219,10.3757374100365,-0.0002325899635007289
221,10.375739342980282,-0.00023065701971880515
223,10.375740291559191,-0.00022970844080916208
225,10.375743970581302,-0.0002260294186982037
227,10.375745149125088,-0.00022485087491297406
229,10.37574576052792,-0.0002242394720806118
231,10.375747083552657,-0.00022291644734373506
233,10.375747793485296,-0.00022220651470483688
235,10.375753565852719,-0.00021643414728167443
237,10.375757710898059,-0.0002122891019418205
239,10.375762910258294,-0.00020708974170702277
241,10.375768086206186,-0.00020191379381451213
243,10.375772081498164,-0.0001979185018363694
245,10.375774594034416,-0.00019540596558442758
247,10.375779194509816,-0.00019080549018468673
249,10.37578237604469,-0.00018762395531091158
251,10.375783769536028,-0.00018623046397259202
253,10.375786880310923,-0.00018311968907802623
255,10.37578842111608,-0.0001815788839198973
257,10.375790454558569,-0.00017954544143172768
259,10.375794629016474,-0.0001753709835270456
261,10.375797247336882,-0.0001727526631185583
263,10.375800421251824,-0.00016957874817613572
265,10.375801009698886,-0.00016899030111439117
267,10.375804185891806,-0.00016581410819505038
269,10.37580669851836,-0.00016330148164023228
271,10.375808731254198,-0.0001612687458028006
273,10.375810307828537,-0.00015969217146327708
275,10.375812641472077,-0.00015735852792353455
277,10.375814284470694,-0.00015571552930637722
279,10.375815981836714,-0.00015401816328619589
281,10.375816859225218,-0.00015314077478301158
283,10.375816890411054,-0.00015310958894687587
285,10.37581710822186,-0.00015289177814103994
287,10.375817015808702,-0.00015298419129905483
289,10.375818983180547,-0.0001510168194531758
291,10.375819958701351,-0.00015004129864948368
293,10.375821681156241,-0.00014831884375965387
295,10.37582402178182,-0.00014597821818007617
297,10.375825058341688,-0.0001449416583128027
299,10.375825130305953,-0.000144869694047145
301,10.375825733951002,-0.00014426604899853146
303,10.375826879281423,-0.00014312071857780495
305,10.375828659012653,-0.00014134098734785994
307,10.375829975373803,-0.00014002462619799871
309,10.37583150054353,-0.0001384994564705977
311,10.375832883871647,-0.00013711612835365372
313,10.375833679757001,-0.000136320242999588
315,10.375834376972385,-0.0001356230276154946
317,10.375834214378699,-0.00013578562130156513
319,10.375836731191086,-0.00013326880891462167
321,10.375838297280358,-0.00013170271964213498
323,10.375838344790433,-0.0001316552095680379
325,10.375838328453765,-0.00013167154623516808
327,10.375838935269377,-0.0001310647306240753
329,10.37583959064447,-0.00013040935553121358
331,10.375840493138954,-0.00012950686104673537
333,10.37584155048159,-0.0001284495184101786
335,10.375842237511602,-0.00012776248839863058
337,10.375843119149168,-0.00012688085083212286
339,10.375844444178284,-0.00012555582171636104
341,10.375846311679089,-0.0001236883209116968
343,10.375848116367765,-0.00012188363223586407
345,10.375849196782834,-0.00012080321716645415
347,10.375848888072218,-0.00012111192778263558
349,10.375850582632175,-0.00011941736782539181
351,10.375850969552044,-0.00011903044795680273
353,10.375851128674137,-0.00011887132586352323
355,10.375851745688044,-0.00011825431195688907
357,10.375853096526113,-0.00011690347388793043
359,10.375854079066917,-0.00011592093308365747
361,10.37585582383303,-0.0001141761669707364
363,10.375856856894394,-0.00011314310560628371
365,10.375858074359293,-0.0001119256407076108
367,10.375858116308715,-0.0001118836912858967
369,10.37585930315024,-0.00011069684976128258
371,10.375860084740825,-0.0001099152591752528
373,10.375860848784857,-0.00010915121514365467
375,10.375861463523025,-0.0001085364769757291
377,10.375862934847541,-0.00010706515245928472
379,10.375864558118607,-0.0001054418813932756
381,10.375864956036953,-0.00010504396304789054
383,10.375865480421902,-0.00010451957809820556
385,10.37586566735933,-0.00010433264067088999
387,10.375865913576453,-0.00010408642354775566
389,10.375867109097832,-0.00010289090216808461
391,10.375867707687773,-0.000102292312227803
393,10.375869090360899,-0.00010090963910158735
395,10.375870124031227,-9.98759687735884e-05
397,10.375871056583875,-9.894341612515234e-05
399,10.3758714053735,-9.85946265004145e-05
401,10.375871559955014,-9.844004498660297e-05
403,10.375873172006006,-9.682799399435282e-05
405,10.375874576970931,-9.542302906950795e-05
407,10.375875122893243,-9.4877106757707e-05
409,10.375875408187488,-9.459181251258997e-05
411,10.375875787195408,-9.421280459243064e-05
413,10.375876227845106,-9.377215489436708e-05
415,10.375877192344563,-9.280765543806524e-05
417,10.375877187717512,-9.28122824888078e-05
419,10.375877492094071,-9.250790592929548e-05
421,10.375877919825628,-9.20801743724553e-05
423,10.375877928751096,-9.207124890409091e-05
425,10.375877962179654,-9.203782034639119e-05
427,10.37587828056885,-9.17194311504943e-05
429,10.375878443741968,-9.155625803280998e-05
431,10.375878275944194,-9.172405580670784e-05
433,10.37587761604982,-9.238395018051904e-05
435,10.375878160613173,-9.18393868278855e-05
437,10.37587867906739,-9.132093261143837e-05
439,10.37587871749851,-9.128250149004202e-05
441,10.375879277312812,-9.072268718846033e-05
443,10.375879709622852,-9.029037714824995e-05
445,10.375880129976094,-8.987002390625776e-05
447,10.375880967203278,-8.903279672267672e-05
449,10.375881097742177,-8.890225782387517e-05
451,10.375881226588001,-8.877341199919897e-05
453,10.37588077016322,-8.922983677983609e-05
455,10.375880238565028,-8.976143497285705e-05
457,10.3758803057598,-8.969424020044414e-05
459,10.375880628016764,-8.937198323621942e-05
461,10.375881143228813,-8.88567711871957e-05
463,10.375881212675948,-8.878732405293022e-05
465,10.375882485579858,-8.751442014265365e-05
467,10.37588316749696,-8.683250304031276e-05
469,10.375883397011016,-8.66029889845521e-05
471,10.375883547176775,-8.645282322561343e-05
473,10.375884096523858,-8.590347614223504e-05
475,10.375884625765826,-8.537423417465106e-05
477,10.375885182100095,-8.481789990533173e-05
479,10.375885401460078,-8.459853992270894e-05
481,10.37588553638882,-8.446361118075174e-05
483,10.375885620346024,-8.437965397689595e-05
485,10.375885394358338,-8.460564166234974e-05
487,10.375885544978617,-8.445502138343386e-05
489,10.375885348722022,-8.465127797840921e-05
491,10.375885287225882,-8.471277411814526e-05
493,10.375885934373606,-8.406562639429183e-05
495,10.37588607214498,-8.392785502131517e-05
497,10.375885762709423,-8.423729057760454e-05
499,10.375885527364293,-8.447263570765529e-05
501,10.375885834143594,-8.416585640702579e-05
503,10.375886052770293,-8.394722970805901e-05
505,10.375886902538156,-8.30974618448721e-05
507,10.37588734369846,-8.265630154014048e-05
509,10.375887628585922,-8.237141407896331e-05
511,10.375887938521618,-8.206147838230038e-05
513,10.375888787574683,-8.121242531800021e-05
515,10.375889277256192,-8.07227438084368e-05
517,10.375889779699865,-8.022030013599135e-05
519,10.375890015003394,-7.998499660644143e-05
521,10.375890496750898,-7.950324910233064e-05
523,10.375890530196514,-7.946980348627619e-05
525,10.375890823482692,-7.917651730871e-05
527,10.375891410351716,-7.858964828422188e-05
529,10.37589159840902,-7.840159098115862e-05
531,10.375891396144404,-7.860385559688154e-05
533,10.375891349043847,-7.865095615322559e-05
535,10.375891888973667,-7.811102633326072e-05
537,10.375892009405764,-7.79905942369652e-05
539,10.37589251858125,-7.748141875119074e-05
541,10.375892909153745,-7.709084625595608e-05
543,10.37589312428175,-7.687571824988026e-05
545,10.37589345809349,-7.654190651074089e-05
547,10.375893642059745,-7.635794025517839e-05
549,10.375893980176453,-7.601982354721315e-05
551,10.375894270586647,-7.572941335354244e-05
553,10.37589417626768,-7.58237323204014e-05
555,10.375894150509966,-7.584949003458519e-05
557,10.375894275460592,-7.572453940873913e-05
559,10.375894870563016,-7.512943698451124e-05
561,10.375895065641966,-7.493435803418436e-05
563,10.37589529395262,-7.470604738024633e-05
565,10.375895892983415,-7.410701658550067e-05
567,10.375896371591027,-7.362840897329193e-05
569,10.375896544518254,-7.345548174697569e-05
571,10.37589661047499,-7.338952501001472e-05
573,10.37589699902958,-7.300097042062248e-05
575,10.375897296146515,-7.27038534851232e-05
577,10.37589798310675,-7.20168932506482e-05
579,10.375898460373403,-7.153962659778301e-05
581,10.375898814406014,-7.118559398655577e-05
583,10.37589899321476,-7.100678524096793e-05
585,10.375899168934373,-7.083106562788544e-05
587,10.375899660778446,-7.033922155486039e-05
589,10.375900129427084,-6.987057291674148e-05
591,10.375900513821811,-6.94861781891376e-05
593,10.375900740457343,-6.92595426574627e-05
595,10.375901041800148,-6.895819985253127e-05
597,10.375901369142989,-6.86308570116978e-05
599,10.375901161468414,-6.883853158612396e-05
601,10.375901451472624,-6.854852737703254e-05
603,10.375901999161254,-6.800083874658469e-05
605,10.375902453068688,-6.754693131227896e-05
607,10.375902778855057,-6.722114494372988e-05
609,10.375903035625235,-6.696437476527706e-05
611,10.375903276373437,-6.672362656345854e-05
613,10.375903569398478,-6.643060152278224e-05
615,10.375904030685371,-6.596931462965472e-05
617,10.375904284667971,-6.571533202937019e-05
619,10.375904714989291,-6.528501070945936e-05
621,10.375904834284558,-6.516571544246119e-05
623,10.375905013526577,-6.498647342390029e-05
625,10.375905215666881,-6.478433311940535e-05
627,10.375905327658367,-6.467234163309854e-05
629,10.37590556579144,-6.443420856072635e-05
631,10.375905776701446,-6.42232985548219e-05
633,10.375905839301579,-6.416069842174466e-05
635,10.375905686969705,-6.431303029508229e-05
637,10.375905954003462,-6.404599653819787e-05
639,10.37590622954632,-6.377045368033407e-05
641,10.37590630720717,-6.369279283013896e-05
643,10.375906396085,-6.360391500059848e-05
645,10.375906468544683,-6.353145531790005e-05
647,10.375906332139149,-6.366786085187925e-05
649,10.375906569957088,-6.34300429123158e-05
651,10.37590664926183,-6.335073816998715e-05
653,10.375906971734073,-6.302826592730071e-05
655,10.375907432278922,-6.256772107882114e-05
657,10.375907779194945,-6.222080505580152e-05
659,10.375908303627767,-6.169637223329971e-05
661,10.375908626242273,-6.137375772752307e-05
663,10.375909024859046,-6.0975140954155904e-05
665,10.37590926614079,-6.073385921112617e-05
667,10.375909324419881,-6.067558011935148e-05
669,10.375909313658273,-6.0686341727844706e-05
671,10.375909569133718,-6.0430866282601414e-05
673,10.375909871153366,-6.012884663419982e-05
675,10.375909950818649,-6.0049181351828906e-05
677,10.375910149698973,-5.985030102806377e-05
679,10.375910508359695,-5.949164030560894e-05
681,10.37591075669145,-5.924330855044957e-05
683,10.375911169462197,-5.8830537803089555e-05
685,10.37591142160175,-5.8578398251185604e-05
687,10.375911560527083,-5.843947291772622e-05
689,10.375912023698175,-5.797630182513558e-05
691,10.375912390167464,-5.7609832536442696e-05
693,10.375912850407566,-5.714959243441342e-05
695,10.375913248577657,-5.675142234373709e-05
697,10.3759134065216,-5.659347840136775e-05
699,10.375913660256357,-5.633974364371852e-05
701,10.375913747628385,-5.625237161588359e-05
703,10.37591415851424,-5.584148576076586e-05
705,10.375914407849528,-5.559215047235e-05
707,10.375914512199866,-5.548780013420185e-05
709,10.375914776740043,-5.5223259957770665e-05
711,10.375914953555146,-5.5046444854767174e-05
713,10.37591491518153,-5.5084818470163555e-05
715,10.375915031193939,-5.496880606159493e-05
717,10.375915336475606,-5.466352439498223e-05
719,10.37591559519565,-5.4404804350483005e-05
721,10.375915740186825,-5.425981317586093e-05
723,10.375915862012292,-5.4137987708813284e-05
725,10.37591585169299,-5.414830700978257e-05
727,10.375916033180614,-5.3966819386630505e-05
729,10.375916272100344,-5.372789965640834e-05
731,10.375916612791382,-5.338720861836066e-05
733,10.375916966862441,-5.303313755966599e-05
735,10.375917158517645,-5.284148235595865e-05
737,10.375917329556792,-5.267044320866887e-05
739,10.375917554444888,-5.244555511296767e-05
741,10.375917703614974,-5.229638502690648e-05
743,10.375917915181105,-5.2084818895181684e-05
745,10.375918072063278,-5.192793672215146e-05
747,10.375918483538412,-5.151646158907397e-05
749,10.375918755927392,-5.1244072608369606e-05
751,10.37591892399887,-5.107600112985722e-05
753,10.375919211163417,-5.078883658349298e-05
755,10.375919529355862,-5.0470644138655985e-05
757,10.375919714899892,-5.028510010873788e-05
759,10.375919886179792,-5.0113820208252946e-05
761,10.37592002907816,-4.997092184133578e-05
763,10.375920075359156,-4.992464084452308e-05
765,10.375920403995677,-4.959600432385969e-05
767,10.375920738866272,-4.926113372860641e-05
769,10.375920941912813,-4.9058087187248134e-05
771,10.375921311873919,-4.868812608194162e-05
773,10.375921514509669,-4.848549033198424e-05
775,10.375921718358665,-4.828164133563462e-05
777,10.375921943862133,-4.805613786729168e-05
779,10.37592201947769,-4.798052231080874e-05
781,10.375922156921394,-4.784307860639103e-05
783,10.37592215196863,-4.784803136992366e-05
785,10.375922158949628,-4.7841050372809946e-05
787,10.375922376659133,-4.762334086727549e-05
789,10.375922758174166,-4.724182583437653e-05
791,10.37592325575347,-4.674424653039466e-05
793,10.375923512625585,-4.648737441570461e-05
795,10.375923832603563,-4.616739643736878e-05
797,10.375924112636177,-4.588736382338254e-05
799,10.375924324093608,-4.567590639226182e-05
801,10.37592447377875,-4.552622124975869e-05
803,10.375924608774541,-4.539122545921259e-05
805,10.375924781073717,-4.5218926283396854e-05
807,10.375924920063632,-4.507993636870822e-05
809,10.375925117860087,-4.4882139913937635e-05
811,10.375925201361806,-4.479863819462082e-05
813,10.375925306065291,-4.469393470962757e-05
815,10.37592523997228,-4.4760027719803475e-05
817,10.375925247310004,-4.475268999648563e-05
819,10.375925223397694,-4.4776602306839663e-05
821,10.375925466365787,-4.453363421319523e-05
823,10.375925613792804,-4.4386207196822625e-05
825,10.375925612331942,-4.438766805847649e-05
827,10.375925645270641,-4.4354729359596945e-05
829,10.375925811259641,-4.418874035927445e-05
831,10.375925932633184,-4.4067366816946674e-05
833,10.375926084751978,-4.3915248022941e-05
835,10.37592613990458,-4.386009542045599e-05
837,10.375926455841084,-4.354415891683061e-05
839,10.375926594358136,-4.340564186477991e-05
841,10.375926827388533,-4.317261146802309e-05
843,10.375926948635662,-4.305136433835344e-05
845,10.37592699014617,-4.300985383132172e-05
847,10.375927137453056,-4.2862546944633095e-05
849,10.375927381411632,-4.2618588368625865e-05
851,10.375927599296944,-4.240070305705501e-05
853,10.375927752706607,-4.224729339341593e-05
855,10.375927908403941,-4.209159605927937e-05
857,10.375927941827475,-4.205817252511679e-05
859,10.37592811704991,-4.1882950091221005e-05
861,10.375928214074097,-4.178592590342589e-05
863,10.375928352648636,-4.164735136491515e-05
865,10.375928442558632,-4.1557441369022285e-05
867,10.375928695712947,-4.13042870537339e-05
869,10.375928879811601,-4.112018839919074e-05
871,10.37592907598646,-4.092401353972264e-05
873,10.375929238411834,-4.076158816701536e-05
875,10.375929573719494,-4.0426280506267176e-05
877,10.375929887716195,-4.01122838056267e-05
879,10.375930112001901,-3.988799809917509e-05
881,10.375930357009755,-3.964299024517004e-05
883,10.375930645604234,-3.935439576707722e-05
885,10.37593087336968,-3.912663032146213e-05
887,10.375931226503361,-3.877349663916618e-05
889,10.375931421439258,-3.8578560742408285e-05
891,10.37593156307439,-3.843692561034118e-05
893,10.375931737380405,-3.826261959538613e-05
895,10.375931957522889,-3.804247711158837e-05
897,10.375932211361096,-3.7788638904245886e-05
899,10.375932475339802,-3.75246601986845e-05
901,10.375932652552816,-3.7347447184643556e-05
903,10.375932820605783,-3.717939421754579e-05
905,10.375932988319823,-3.701168017755663e-05
907,10.375933050661038,-3.6949338962699585e-05
909,10.375933186801815,-3.681319818582551e-05
911,10.375933274014635,-3.672598536574867e-05
913,10.37593338072813,-3.661927187081915e-05
915,10.375933313694262,-3.668630573905318e-05
917,10.375933330150009,-3.6669849992065906e-05
919,10.375933480718968,-3.6519281032099116e-05
921,10.375933719344406,-3.628065559446725e-05
923,10.375933879162858,-3.6120837142661344e-05
925,10.375933991982338,-3.6008017662680913e-05
927,10.375934124309603,-3.5875690397091375e-05
929,10.375934241988283,-3.575801171784576e-05
931,10.375934374340817,-3.562565918358018e-05
933,10.37593448453354,-3.551546646107795e-05
935,10.37593457510255,-3.542489745100852e-05
937,10.375934741531617,-3.5258468383148056e-05
939,10.375934824108935,-3.517589106571961e-05
941,10.375934962867804,-3.5037132196436005e-05
943,10.37593507908412,-3.492091587986579e-05
945,10.375935105239968,-3.489476003259995e-05
947,10.37593510822189,-3.489177811033528e-05
949,10.375935208410635,-3.4791589365923414e-05
951,10.375935246510748,-3.475348925263688e-05
953,10.375935334226138,-3.466577386213032e-05
955,10.375935514311134,-3.448568886632586e-05
957,10.375935618270786,-3.4381729214771894e-05
959,10.375935654415063,-3.43455849378671e-05
961,10.375935806734114,-3.419326588627314e-05
963,10.375935984418799,-3.40155812015297e-05
965,10.375936120354337,-3.3879645663148494e-05
967,10.37593629515811,-3.3704841889914405e-05
969,10.375936457377424,-3.354262257637686e-05
971,10.375936605020115,-3.3394979885414955e-05
973,10.375936697695273,-3.330230472720075e-05
975,10.3759367297221,-3.3270277899788425e-05
977,10.375936818572331,-3.318142766950416e-05
979,10.37593692191701,-3.307808299091164e-05
981,10.375937080541576,-3.291945842498478e-05
983,10.375937090579608,-3.290942039235745e-05
985,10.375937177272148,-3.282272785298801e-05
987,10.37593716677498,-3.2833225020567625e-05
989,10.37593717925436,-3.282074564125992e-05
991,10.37593725627117,-3.274372883055321e-05
993,10.375937369213318,-3.263078668247488e-05
995,10.375937452350241,-3.2547649759351316e-05
997,10.37593750925797,-3.249074203104385e-05
999,10.3759374949982,-3.250500180129734e-05
1001,10.375937526709507,-3.2473290493939544e-05
